The five columns in this file are (in order): kinetic energy, potential energy, angular momentum (x,y,z)
0.00011616 -0.000118433 0 0 2.63994e-05
0.000116157 -0.000118426 0 0 2.63994e-05
0.000116151 -0.000118415 0 0 2.63994e-05
0.000116139 -0.000118399 0 0 2.63994e-05
0.000116124 -0.000118379 0 0 2.63994e-05
0.000116103 -0.000118354 0 0 2.63994e-05
0.000116079 -0.000118325 0 0 2.63994e-05
0.00011605 -0.000118292 0 0 2.63994e-05
0.000116016 -0.000118254 0 0 2.63994e-05
0.000115978 -0.000118211 0 0 2.63994e-05
0.000115936 -0.000118164 0 0 2.63994e-05
0.000115889 -0.000118113 0 0 2.63994e-05
0.000115837 -0.000118057 0 0 2.63994e-05
0.000115782 -0.000117997 0 0 2.63994e-05
0.000115722 -0.000117933 0 0 2.63994e-05
0.000115657 -0.000117864 0 0 2.63994e-05
0.000115589 -0.000117791 0 0 2.63994e-05
0.000115516 -0.000117714 0 0 2.63994e-05
0.000115439 -0.000117633 0 0 2.63994e-05
0.000115357 -0.000117547 0 0 2.63994e-05
0.000115272 -0.000117458 0 0 2.63994e-05
0.000115182 -0.000117364 0 0 2.63994e-05
0.000115088 -0.000117266 0 0 2.63994e-05
0.00011499 -0.000117164 0 0 2.63994e-05
0.000114888 -0.000117058 0 0 2.63994e-05
0.000114782 -0.000116947 0 0 2.63994e-05
0.000114672 -0.000116833 0 0 2.63994e-05
0.000114558 -0.000116716 0 0 2.63994e-05
0.00011444 -0.000116594 0 0 2.63994e-05
0.000114318 -0.000116468 0 0 2.63994e-05
0.000114193 -0.000116339 0 0 2.63994e-05
0.000114063 -0.000116206 0 0 2.63994e-05
0.00011393 -0.000116069 0 0 2.63994e-05
0.000113793 -0.000115928 0 0 2.63994e-05
0.000113653 -0.000115784 0 0 2.63994e-05
0.000113509 -0.000115636 0 0 2.63994e-05
0.000113361 -0.000115485 0 0 2.63994e-05
0.00011321 -0.000115331 0 0 2.63994e-05
0.000113055 -0.000115173 0 0 2.63994e-05
0.000112897 -0.000115011 0 0 2.63994e-05
0.000112736 -0.000114847 0 0 2.63994e-05
0.000112571 -0.000114679 0 0 2.63994e-05
0.000112403 -0.000114508 0 0 2.63994e-05
0.000112232 -0.000114334 0 0 2.63994e-05
0.000112058 -0.000114156 0 0 2.63995e-05
0.000111881 -0.000113976 0 0 2.63995e-05
0.0001117 -0.000113792 0 0 2.63995e-05
0.000111517 -0.000113606 0 0 2.63995e-05
0.000111331 -0.000113417 0 0 2.63995e-05
0.000111142 -0.000113225 0 0 2.63995e-05
0.00011095 -0.00011303 0 0 2.63995e-05
0.000110755 -0.000112833 0 0 2.63995e-05
0.000110558 -0.000112633 0 0 2.63995e-05
0.000110358 -0.00011243 0 0 2.63995e-05
0.000110155 -0.000112225 0 0 2.63995e-05
0.00010995 -0.000112018 0 0 2.63995e-05
0.000109742 -0.000111807 0 0 2.63995e-05
0.000109532 -0.000111595 0 0 2.63995e-05
0.00010932 -0.00011138 0 0 2.63995e-05
0.000109105 -0.000111163 0 0 2.63995e-05
0.000108888 -0.000110944 0 0 2.63995e-05
0.000108669 -0.000110723 0 0 2.63995e-05
0.000108447 -0.000110499 0 0 2.63995e-05
0.000108224 -0.000110274 0 0 2.63995e-05
0.000107999 -0.000110046 0 0 2.63995e-05
0.000107771 -0.000109817 0 0 2.63995e-05
0.000107542 -0.000109586 0 0 2.63995e-05
0.000107311 -0.000109353 0 0 2.63995e-05
0.000107078 -0.000109118 0 0 2.63995e-05
0.000106843 -0.000108882 0 0 2.63995e-05
0.000106606 -0.000108643 0 0 2.63995e-05
0.000106368 -0.000108404 0 0 2.63995e-05
0.000106128 -0.000108162 0 0 2.63995e-05
0.000105887 -0.00010792 0 0 2.63995e-05
0.000105644 -0.000107676 0 0 2.63995e-05
0.0001054 -0.00010743 0 0 2.63995e-05
0.000105155 -0.000107183 0 0 2.63995e-05
0.000104908 -0.000106935 0 0 2.63995e-05
0.00010466 -0.000106685 0 0 2.63995e-05
0.00010441 -0.000106435 0 0 2.63995e-05
0.000104159 -0.000106183 0 0 2.63995e-05
0.000103908 -0.00010593 0 0 2.63995e-05
0.000103655 -0.000105676 0 0 2.63995e-05
0.000103401 -0.000105421 0 0 2.63996e-05
0.000103146 -0.000105165 0 0 2.63996e-05
0.00010289 -0.000104909 0 0 2.63996e-05
0.000102633 -0.000104651 0 0 2.63996e-05
0.000102376 -0.000104393 0 0 2.63996e-05
0.000102117 -0.000104133 0 0 2.63996e-05
0.000101858 -0.000103873 0 0 2.63996e-05
0.000101598 -0.000103613 0 0 2.63996e-05
0.000101337 -0.000103351 0 0 2.63996e-05
0.000101076 -0.00010309 0 0 2.63996e-05
0.000100814 -0.000102827 0 0 2.63996e-05
0.000100552 -0.000102564 0 0 2.63996e-05
0.000100289 -0.000102301 0 0 2.63996e-05
0.000100025 -0.000102037 0 0 2.63996e-05
9.97615e-05 -0.000101772 0 0 2.63996e-05
9.94972e-05 -0.000101508 0 0 2.63996e-05
9.92325e-05 -0.000101243 0 0 2.63996e-05
9.89674e-05 -0.000100977 0 0 2.63996e-05
9.87021e-05 -0.000100712 0 0 2.63996e-05
9.84365e-05 -0.000100446 0 0 2.63996e-05
9.81706e-05 -0.00010018 0 0 2.63996e-05
9.79046e-05 -9.99136e-05 0 0 2.63996e-05
9.76384e-05 -9.96472e-05 0 0 2.63996e-05
9.73721e-05 -9.93808e-05 0 0 2.63996e-05
9.71057e-05 -9.91143e-05 0 0 2.63996e-05
9.68392e-05 -9.88478e-05 0 0 2.63996e-05
9.65726e-05 -9.85812e-05 0 0 2.63996e-05
9.63061e-05 -9.83147e-05 0 0 2.63996e-05
9.60396e-05 -9.80482e-05 0 0 2.63996e-05
9.57731e-05 -9.77818e-05 0 0 2.63996e-05
9.55067e-05 -9.75155e-05 0 0 2.63996e-05
9.52404e-05 -9.72494e-05 0 0 2.63996e-05
9.49743e-05 -9.69834e-05 0 0 2.63996e-05
9.47083e-05 -9.67175e-05 0 0 2.63996e-05
9.44424e-05 -9.64519e-05 0 0 2.63996e-05
9.41768e-05 -9.61866e-05 0 0 2.63996e-05
9.39115e-05 -9.59214e-05 0 0 2.63996e-05
9.36463e-05 -9.56566e-05 0 0 2.63996e-05
9.33815e-05 -9.53921e-05 0 0 2.63996e-05
9.3117e-05 -9.51278e-05 0 0 2.63996e-05
9.28528e-05 -9.4864e-05 0 0 2.63997e-05
9.25889e-05 -9.46005e-05 0 0 2.63997e-05
9.23254e-05 -9.43374e-05 0 0 2.63997e-05
9.20623e-05 -9.40746e-05 0 0 2.63997e-05
9.17996e-05 -9.38124e-05 0 0 2.63997e-05
9.15373e-05 -9.35505e-05 0 0 2.63997e-05
9.12755e-05 -9.32891e-05 0 0 2.63997e-05
9.10141e-05 -9.30283e-05 0 0 2.63997e-05
9.07532e-05 -9.27679e-05 0 0 2.63997e-05
9.04928e-05 -9.2508e-05 0 0 2.63997e-05
9.02329e-05 -9.22486e-05 0 0 2.63997e-05
8.99736e-05 -9.19898e-05 0 0 2.63997e-05
8.97148e-05 -9.17316e-05 0 0 2.63997e-05
8.94565e-05 -9.14739e-05 0 0 2.63997e-05
8.91989e-05 -9.12168e-05 0 0 2.63997e-05
8.89418e-05 -9.09604e-05 0 0 2.63997e-05
8.86853e-05 -9.07045e-05 0 0 2.63997e-05
8.84295e-05 -9.04493e-05 0 0 2.63997e-05
8.81743e-05 -9.01947e-05 0 0 2.63997e-05
8.79197e-05 -8.99408e-05 0 0 2.63997e-05
8.76658e-05 -8.96876e-05 0 0 2.63997e-05
8.74125e-05 -8.9435e-05 0 0 2.63997e-05
8.716e-05 -8.91831e-05 0 0 2.63997e-05
8.69081e-05 -8.8932e-05 0 0 2.63997e-05
8.66569e-05 -8.86815e-05 0 0 2.63997e-05
8.64065e-05 -8.84318e-05 0 0 2.63997e-05
8.61567e-05 -8.81827e-05 0 0 2.63997e-05
8.59077e-05 -8.79345e-05 0 0 2.63997e-05
8.56594e-05 -8.7687e-05 0 0 2.63997e-05
8.54119e-05 -8.74402e-05 0 0 2.63997e-05
8.51652e-05 -8.71942e-05 0 0 2.63997e-05
8.49192e-05 -8.6949e-05 0 0 2.63997e-05
8.46739e-05 -8.67045e-05 0 0 2.63997e-05
8.44295e-05 -8.64609e-05 0 0 2.63997e-05
8.41859e-05 -8.6218e-05 0 0 2.63997e-05
8.3943e-05 -8.5976e-05 0 0 2.63997e-05
8.37009e-05 -8.57347e-05 0 0 2.63997e-05
8.34597e-05 -8.54943e-05 0 0 2.63997e-05
8.32193e-05 -8.52547e-05 0 0 2.63997e-05
8.29796e-05 -8.50159e-05 0 0 2.63997e-05
8.27408e-05 -8.47779e-05 0 0 2.63997e-05
8.25029e-05 -8.45408e-05 0 0 2.63997e-05
8.22658e-05 -8.43045e-05 0 0 2.63997e-05
8.20295e-05 -8.4069e-05 0 0 2.63997e-05
8.1794e-05 -8.38345e-05 0 0 2.63997e-05
8.15594e-05 -8.36007e-05 0 0 2.63997e-05
8.13257e-05 -8.33678e-05 0 0 2.63997e-05
8.10928e-05 -8.31358e-05 0 0 2.63997e-05
8.08608e-05 -8.29046e-05 0 0 2.63997e-05
8.06296e-05 -8.26743e-05 0 0 2.63997e-05
8.03993e-05 -8.24449e-05 0 0 2.63997e-05
8.01699e-05 -8.22163e-05 0 0 2.63997e-05
7.99413e-05 -8.19887e-05 0 0 2.63997e-05
7.97136e-05 -8.17618e-05 0 0 2.63997e-05
7.94868e-05 -8.15359e-05 0 0 2.63997e-05
7.92609e-05 -8.13109e-05 0 0 2.63998e-05
7.90359e-05 -8.10867e-05 0 0 2.63998e-05
7.88117e-05 -8.08634e-05 0 0 2.63998e-05
7.85884e-05 -8.0641e-05 0 0 2.63998e-05
7.8366e-05 -8.04195e-05 0 0 2.63998e-05
7.81445e-05 -8.01988e-05 0 0 2.63998e-05
7.79238e-05 -7.99791e-05 0 0 2.63998e-05
7.77041e-05 -7.97602e-05 0 0 2.63998e-05
7.74852e-05 -7.95422e-05 0 0 2.63998e-05
7.72672e-05 -7.93251e-05 0 0 2.63998e-05
7.70501e-05 -7.91089e-05 0 0 2.63998e-05
7.68339e-05 -7.88936e-05 0 0 2.63998e-05
7.66186e-05 -7.86792e-05 0 0 2.63998e-05
7.64042e-05 -7.84657e-05 0 0 2.63998e-05
7.61907e-05 -7.8253e-05 0 0 2.63998e-05
7.5978e-05 -7.80412e-05 0 0 2.63998e-05
7.57662e-05 -7.78304e-05 0 0 2.63998e-05
7.55554e-05 -7.76204e-05 0 0 2.63998e-05
7.53454e-05 -7.74113e-05 0 0 2.63998e-05
7.51363e-05 -7.7203e-05 0 0 2.63998e-05
7.49281e-05 -7.69957e-05 0 0 2.63998e-05
7.47207e-05 -7.67893e-05 0 0 2.63998e-05
7.45143e-05 -7.65837e-05 0 0 2.63998e-05
7.43087e-05 -7.6379e-05 0 0 2.63998e-05
7.4104e-05 -7.61752e-05 0 0 2.63998e-05
7.39002e-05 -7.59722e-05 0 0 2.63998e-05
7.36972e-05 -7.57702e-05 0 0 2.63998e-05
7.34952e-05 -7.5569e-05 0 0 2.63998e-05
7.3294e-05 -7.53686e-05 0 0 2.63998e-05
7.30937e-05 -7.51692e-05 0 0 2.63998e-05
7.28942e-05 -7.49706e-05 0 0 2.63998e-05
7.26956e-05 -7.47729e-05 0 0 2.63998e-05
7.24979e-05 -7.4576e-05 0 0 2.63998e-05
7.2301e-05 -7.438e-05 0 0 2.63998e-05
7.21051e-05 -7.41849e-05 0 0 2.63998e-05
7.19099e-05 -7.39906e-05 0 0 2.63998e-05
7.17157e-05 -7.37972e-05 0 0 2.63998e-05
7.15222e-05 -7.36047e-05 0 0 2.63998e-05
7.13297e-05 -7.34129e-05 0 0 2.63998e-05
7.1138e-05 -7.32221e-05 0 0 2.63998e-05
7.09471e-05 -7.3032e-05 0 0 2.63998e-05
7.07571e-05 -7.28429e-05 0 0 2.63998e-05
7.05679e-05 -7.26545e-05 0 0 2.63998e-05
7.03795e-05 -7.2467e-05 0 0 2.63998e-05
7.0192e-05 -7.22804e-05 0 0 2.63998e-05
7.00054e-05 -7.20945e-05 0 0 2.63998e-05
6.98195e-05 -7.19095e-05 0 0 2.63998e-05
6.96345e-05 -7.17253e-05 0 0 2.63998e-05
6.94503e-05 -7.1542e-05 0 0 2.63998e-05
6.9267e-05 -7.13594e-05 0 0 2.63998e-05
6.90845e-05 -7.11777e-05 0 0 2.63998e-05
6.89027e-05 -7.09968e-05 0 0 2.63998e-05
6.87218e-05 -7.08167e-05 0 0 2.63998e-05
6.85417e-05 -7.06374e-05 0 0 2.63998e-05
6.83625e-05 -7.0459e-05 0 0 2.63998e-05
6.8184e-05 -7.02813e-05 0 0 2.63998e-05
6.80063e-05 -7.01044e-05 0 0 2.63998e-05
6.78294e-05 -6.99283e-05 0 0 2.63998e-05
6.76533e-05 -6.9753e-05 0 0 2.63998e-05
6.74781e-05 -6.95785e-05 0 0 2.63998e-05
6.73036e-05 -6.94048e-05 0 0 2.63998e-05
6.71298e-05 -6.92319e-05 0 0 2.63998e-05
6.69569e-05 -6.90598e-05 0 0 2.63998e-05
6.67848e-05 -6.88884e-05 0 0 2.63998e-05
6.66134e-05 -6.87178e-05 0 0 2.63998e-05
6.64428e-05 -6.8548e-05 0 0 2.63998e-05
6.6273e-05 -6.83789e-05 0 0 2.63998e-05
6.61039e-05 -6.82106e-05 0 0 2.63998e-05
6.59356e-05 -6.80431e-05 0 0 2.63998e-05
6.57681e-05 -6.78763e-05 0 0 2.63998e-05
6.56013e-05 -6.77102e-05 0 0 2.63998e-05
6.54353e-05 -6.7545e-05 0 0 2.63998e-05
6.527e-05 -6.73804e-05 0 0 2.63998e-05
6.51054e-05 -6.72166e-05 0 0 2.63998e-05
6.49417e-05 -6.70536e-05 0 0 2.63998e-05
6.47786e-05 -6.68913e-05 0 0 2.63998e-05
6.46163e-05 -6.67297e-05 0 0 2.63998e-05
6.44547e-05 -6.65688e-05 0 0 2.63998e-05
6.42939e-05 -6.64087e-05 0 0 2.63998e-05
6.41337e-05 -6.62493e-05 0 0 2.63998e-05
6.39743e-05 -6.60906e-05 0 0 2.63998e-05
6.38156e-05 -6.59327e-05 0 0 2.63998e-05
6.36577e-05 -6.57754e-05 0 0 2.63998e-05
6.35004e-05 -6.56189e-05 0 0 2.63998e-05
6.33439e-05 -6.5463e-05 0 0 2.63998e-05
6.3188e-05 -6.53079e-05 0 0 2.63998e-05
6.30329e-05 -6.51534e-05 0 0 2.63998e-05
6.28785e-05 -6.49997e-05 0 0 2.63998e-05
6.27247e-05 -6.48466e-05 0 0 2.63998e-05
6.25717e-05 -6.46943e-05 0 0 2.63998e-05
6.24193e-05 -6.45426e-05 0 0 2.63998e-05
6.22676e-05 -6.43916e-05 0 0 2.63998e-05
6.21166e-05 -6.42413e-05 0 0 2.63998e-05
6.19663e-05 -6.40916e-05 0 0 2.63998e-05
6.18166e-05 -6.39426e-05 0 0 2.63998e-05
6.16677e-05 -6.37943e-05 0 0 2.63998e-05
6.15193e-05 -6.36467e-05 0 0 2.63998e-05
6.13717e-05 -6.34997e-05 0 0 2.63998e-05
6.12247e-05 -6.33534e-05 0 0 2.63998e-05
6.10784e-05 -6.32077e-05 0 0 2.63998e-05
6.09327e-05 -6.30627e-05 0 0 2.63998e-05
6.07877e-05 -6.29183e-05 0 0 2.63998e-05
6.06433e-05 -6.27746e-05 0 0 2.63998e-05
6.04996e-05 -6.26315e-05 0 0 2.63998e-05
6.03565e-05 -6.2489e-05 0 0 2.63998e-05
6.0214e-05 -6.23472e-05 0 0 2.63998e-05
6.00722e-05 -6.2206e-05 0 0 2.63998e-05
5.9931e-05 -6.20655e-05 0 0 2.63998e-05
5.97905e-05 -6.19255e-05 0 0 2.63998e-05
5.96505e-05 -6.17862e-05 0 0 2.63998e-05
5.95112e-05 -6.16475e-05 0 0 2.63998e-05
5.93725e-05 -6.15094e-05 0 0 2.63998e-05
5.92344e-05 -6.1372e-05 0 0 2.63998e-05
5.9097e-05 -6.12351e-05 0 0 2.63998e-05
5.89601e-05 -6.10988e-05 0 0 2.63998e-05
5.88238e-05 -6.09632e-05 0 0 2.63998e-05
5.86882e-05 -6.08281e-05 0 0 2.63998e-05
5.85531e-05 -6.06936e-05 0 0 2.63999e-05
5.84186e-05 -6.05598e-05 0 0 2.63999e-05
5.82848e-05 -6.04265e-05 0 0 2.63999e-05
5.81515e-05 -6.02938e-05 0 0 2.63999e-05
5.80188e-05 -6.01616e-05 0 0 2.63999e-05
5.78866e-05 -6.00301e-05 0 0 2.63999e-05
5.77551e-05 -5.98991e-05 0 0 2.63999e-05
5.76241e-05 -5.97687e-05 0 0 2.63999e-05
5.74937e-05 -5.96389e-05 0 0 2.63999e-05
5.73639e-05 -5.95097e-05 0 0 2.63999e-05
5.72347e-05 -5.9381e-05 0 0 2.63999e-05
5.7106e-05 -5.92528e-05 0 0 2.63999e-05
5.69778e-05 -5.91252e-05 0 0 2.63999e-05
5.68502e-05 -5.89982e-05 0 0 2.63999e-05
5.67232e-05 -5.88717e-05 0 0 2.63999e-05
5.65967e-05 -5.87458e-05 0 0 2.63999e-05
5.64708e-05 -5.86204e-05 0 0 2.63999e-05
5.63454e-05 -5.84956e-05 0 0 2.63999e-05
5.62206e-05 -5.83713e-05 0 0 2.63999e-05
5.60963e-05 -5.82475e-05 0 0 2.63999e-05
5.59726e-05 -5.81243e-05 0 0 2.63999e-05
5.58493e-05 -5.80016e-05 0 0 2.63999e-05
5.57266e-05 -5.78795e-05 0 0 2.63999e-05
5.56045e-05 -5.77578e-05 0 0 2.63999e-05
5.54828e-05 -5.76367e-05 0 0 2.63999e-05
5.53617e-05 -5.75161e-05 0 0 2.63999e-05
5.52411e-05 -5.7396e-05 0 0 2.63999e-05
5.5121e-05 -5.72764e-05 0 0 2.63999e-05
5.50014e-05 -5.71573e-05 0 0 2.63999e-05
5.48823e-05 -5.70388e-05 0 0 2.63999e-05
5.47638e-05 -5.69207e-05 0 0 2.63999e-05
5.46457e-05 -5.68032e-05 0 0 2.63999e-05
5.45282e-05 -5.66861e-05 0 0 2.63999e-05
5.44111e-05 -5.65696e-05 0 0 2.63999e-05
5.42946e-05 -5.64535e-05 0 0 2.63999e-05
5.41785e-05 -5.63379e-05 0 0 2.63999e-05
5.40629e-05 -5.62229e-05 0 0 2.63999e-05
5.39479e-05 -5.61083e-05 0 0 2.63999e-05
5.38333e-05 -5.59941e-05 0 0 2.63999e-05
5.37191e-05 -5.58805e-05 0 0 2.63999e-05
5.36055e-05 -5.57674e-05 0 0 2.63999e-05
5.34924e-05 -5.56547e-05 0 0 2.63999e-05
5.33797e-05 -5.55425e-05 0 0 2.63999e-05
5.32675e-05 -5.54307e-05 0 0 2.63999e-05
5.31557e-05 -5.53194e-05 0 0 2.63999e-05
5.30444e-05 -5.52086e-05 0 0 2.63999e-05
5.29336e-05 -5.50983e-05 0 0 2.63999e-05
5.28233e-05 -5.49884e-05 0 0 2.63999e-05
5.27134e-05 -5.4879e-05 0 0 2.63999e-05
5.2604e-05 -5.477e-05 0 0 2.63999e-05
5.2495e-05 -5.46615e-05 0 0 2.63999e-05
5.23865e-05 -5.45534e-05 0 0 2.63999e-05
5.22784e-05 -5.44458e-05 0 0 2.63999e-05
5.21708e-05 -5.43386e-05 0 0 2.63999e-05
5.20636e-05 -5.42318e-05 0 0 2.63999e-05
5.19568e-05 -5.41255e-05 0 0 2.63999e-05
5.18505e-05 -5.40197e-05 0 0 2.63999e-05
5.17447e-05 -5.39142e-05 0 0 2.63999e-05
5.16392e-05 -5.38092e-05 0 0 2.63999e-05
5.15342e-05 -5.37047e-05 0 0 2.63999e-05
5.14297e-05 -5.36005e-05 0 0 2.63999e-05
5.13255e-05 -5.34968e-05 0 0 2.63999e-05
5.12218e-05 -5.33935e-05 0 0 2.63999e-05
5.11185e-05 -5.32906e-05 0 0 2.63999e-05
5.10156e-05 -5.31882e-05 0 0 2.63999e-05
5.09132e-05 -5.30861e-05 0 0 2.63999e-05
5.08111e-05 -5.29845e-05 0 0 2.63999e-05
5.07095e-05 -5.28833e-05 0 0 2.63999e-05
5.06083e-05 -5.27825e-05 0 0 2.63999e-05
5.05075e-05 -5.26821e-05 0 0 2.63999e-05
5.04071e-05 -5.25821e-05 0 0 2.63999e-05
5.03071e-05 -5.24825e-05 0 0 2.63999e-05
5.02075e-05 -5.23833e-05 0 0 2.63999e-05
5.01083e-05 -5.22845e-05 0 0 2.63999e-05
5.00095e-05 -5.21861e-05 0 0 2.63999e-05
4.99111e-05 -5.20881e-05 0 0 2.63999e-05
4.98131e-05 -5.19905e-05 0 0 2.63999e-05
4.97155e-05 -5.18932e-05 0 0 2.63999e-05
4.96182e-05 -5.17964e-05 0 0 2.63999e-05
4.95214e-05 -5.16999e-05 0 0 2.63999e-05
4.94249e-05 -5.16039e-05 0 0 2.63999e-05
4.93289e-05 -5.15082e-05 0 0 2.63999e-05
4.92332e-05 -5.14129e-05 0 0 2.63999e-05
4.91379e-05 -5.13179e-05 0 0 2.63999e-05
4.90429e-05 -5.12234e-05 0 0 2.63999e-05
4.89484e-05 -5.11292e-05 0 0 2.63999e-05
4.88542e-05 -5.10354e-05 0 0 2.63999e-05
4.87604e-05 -5.09419e-05 0 0 2.63999e-05
4.86669e-05 -5.08488e-05 0 0 2.63999e-05
4.85738e-05 -5.07561e-05 0 0 2.63999e-05
4.84811e-05 -5.06638e-05 0 0 2.63999e-05
4.83888e-05 -5.05718e-05 0 0 2.63999e-05
4.82968e-05 -5.04801e-05 0 0 2.63999e-05
4.82051e-05 -5.03889e-05 0 0 2.63999e-05
4.81138e-05 -5.02979e-05 0 0 2.63999e-05
4.80229e-05 -5.02074e-05 0 0 2.63999e-05
4.79324e-05 -5.01171e-05 0 0 2.63999e-05
4.78421e-05 -5.00273e-05 0 0 2.63999e-05
4.77523e-05 -4.99377e-05 0 0 2.63999e-05
4.76627e-05 -4.98486e-05 0 0 2.63999e-05
4.75736e-05 -4.97597e-05 0 0 2.63999e-05
4.74847e-05 -4.96712e-05 0 0 2.63999e-05
4.73962e-05 -4.95831e-05 0 0 2.63999e-05
4.73081e-05 -4.94953e-05 0 0 2.63999e-05
4.72203e-05 -4.94078e-05 0 0 2.63999e-05
4.71328e-05 -4.93206e-05 0 0 2.63999e-05
4.70456e-05 -4.92338e-05 0 0 2.63999e-05
4.69588e-05 -4.91473e-05 0 0 2.63999e-05
4.68723e-05 -4.90612e-05 0 0 2.63999e-05
4.67862e-05 -4.89754e-05 0 0 2.63999e-05
4.67003e-05 -4.88899e-05 0 0 2.63999e-05
4.66148e-05 -4.88047e-05 0 0 2.63999e-05
4.65297e-05 -4.87198e-05 0 0 2.63999e-05
4.64448e-05 -4.86353e-05 0 0 2.63999e-05
4.63603e-05 -4.85511e-05 0 0 2.63999e-05
4.62761e-05 -4.84672e-05 0 0 2.63999e-05
4.61922e-05 -4.83836e-05 0 0 2.63999e-05
4.61086e-05 -4.83003e-05 0 0 2.63999e-05
4.60253e-05 -4.82174e-05 0 0 2.63999e-05
4.59423e-05 -4.81347e-05 0 0 2.63999e-05
4.58597e-05 -4.80524e-05 0 0 2.63999e-05
4.57774e-05 -4.79703e-05 0 0 2.63999e-05
4.56953e-05 -4.78886e-05 0 0 2.63999e-05
4.56136e-05 -4.78072e-05 0 0 2.63999e-05
4.55322e-05 -4.77261e-05 0 0 2.63999e-05
4.5451e-05 -4.76452e-05 0 0 2.63999e-05
4.53702e-05 -4.75647e-05 0 0 2.63999e-05
4.52897e-05 -4.74845e-05 0 0 2.63999e-05
4.52095e-05 -4.74046e-05 0 0 2.63999e-05
4.51296e-05 -4.73249e-05 0 0 2.63999e-05
4.50499e-05 -4.72456e-05 0 0 2.63999e-05
4.49706e-05 -4.71665e-05 0 0 2.63999e-05
4.48915e-05 -4.70878e-05 0 0 2.63999e-05
4.48128e-05 -4.70093e-05 0 0 2.63999e-05
4.47343e-05 -4.69311e-05 0 0 2.63999e-05
4.46561e-05 -4.68532e-05 0 0 2.63999e-05
4.45782e-05 -4.67756e-05 0 0 2.63999e-05
4.45006e-05 -4.66983e-05 0 0 2.63999e-05
4.44233e-05 -4.66212e-05 0 0 2.63999e-05
4.43462e-05 -4.65444e-05 0 0 2.63999e-05
4.42694e-05 -4.64679e-05 0 0 2.63999e-05
4.41929e-05 -4.63917e-05 0 0 2.63999e-05
4.41167e-05 -4.63158e-05 0 0 2.63999e-05
4.40408e-05 -4.62401e-05 0 0 2.63999e-05
4.39651e-05 -4.61647e-05 0 0 2.63999e-05
4.38897e-05 -4.60896e-05 0 0 2.63999e-05
4.38146e-05 -4.60147e-05 0 0 2.63999e-05
4.37397e-05 -4.59401e-05 0 0 2.63999e-05
4.36651e-05 -4.58658e-05 0 0 2.63999e-05
4.35908e-05 -4.57917e-05 0 0 2.63999e-05
4.35167e-05 -4.5718e-05 0 0 2.63999e-05
4.34429e-05 -4.56444e-05 0 0 2.63999e-05
4.33694e-05 -4.55711e-05 0 0 2.63999e-05
4.32961e-05 -4.54981e-05 0 0 2.63999e-05
4.32231e-05 -4.54254e-05 0 0 2.63999e-05
4.31504e-05 -4.53529e-05 0 0 2.63999e-05
4.30779e-05 -4.52807e-05 0 0 2.63999e-05
4.30056e-05 -4.52087e-05 0 0 2.63999e-05
4.29337e-05 -4.51369e-05 0 0 2.63999e-05
4.28619e-05 -4.50655e-05 0 0 2.63999e-05
4.27904e-05 -4.49942e-05 0 0 2.63999e-05
4.27192e-05 -4.49232e-05 0 0 2.63999e-05
4.26482e-05 -4.48525e-05 0 0 2.63999e-05
4.25775e-05 -4.4782e-05 0 0 2.63999e-05
4.2507e-05 -4.47118e-05 0 0 2.63999e-05
4.24368e-05 -4.46418e-05 0 0 2.63999e-05
4.23668e-05 -4.45721e-05 0 0 2.63999e-05
4.2297e-05 -4.45025e-05 0 0 2.63999e-05
4.22275e-05 -4.44333e-05 0 0 2.63999e-05
4.21583e-05 -4.43643e-05 0 0 2.63999e-05
4.20892e-05 -4.42955e-05 0 0 2.63999e-05
4.20204e-05 -4.42269e-05 0 0 2.63999e-05
4.19519e-05 -4.41586e-05 0 0 2.63999e-05
4.18836e-05 -4.40905e-05 0 0 2.63999e-05
4.18155e-05 -4.40227e-05 0 0 2.63999e-05
4.17477e-05 -4.39551e-05 0 0 2.63999e-05
4.168e-05 -4.38877e-05 0 0 2.63999e-05
4.16127e-05 -4.38205e-05 0 0 2.63999e-05
4.15455e-05 -4.37536e-05 0 0 2.63999e-05
4.14786e-05 -4.36869e-05 0 0 2.63999e-05
4.14119e-05 -4.36204e-05 0 0 2.63999e-05
4.13454e-05 -4.35542e-05 0 0 2.63999e-05
4.12792e-05 -4.34882e-05 0 0 2.63999e-05
4.12132e-05 -4.34224e-05 0 0 2.63999e-05
4.11474e-05 -4.33568e-05 0 0 2.63999e-05
4.10818e-05 -4.32915e-05 0 0 2.63999e-05
4.10164e-05 -4.32263e-05 0 0 2.63999e-05
4.09513e-05 -4.31614e-05 0 0 2.63999e-05
4.08864e-05 -4.30967e-05 0 0 2.63999e-05
4.08217e-05 -4.30322e-05 0 0 2.63999e-05
4.07572e-05 -4.2968e-05 0 0 2.63999e-05
4.0693e-05 -4.29039e-05 0 0 2.63999e-05
4.06289e-05 -4.28401e-05 0 0 2.63999e-05
4.05651e-05 -4.27765e-05 0 0 2.63999e-05
4.05015e-05 -4.27131e-05 0 0 2.63999e-05
4.04381e-05 -4.26499e-05 0 0 2.63999e-05
4.03749e-05 -4.25869e-05 0 0 2.63999e-05
4.03119e-05 -4.25241e-05 0 0 2.63999e-05
4.02491e-05 -4.24616e-05 0 0 2.63999e-05
4.01865e-05 -4.23992e-05 0 0 2.63999e-05
4.01242e-05 -4.2337e-05 0 0 2.63999e-05
4.0062e-05 -4.22751e-05 0 0 2.63999e-05
4.00001e-05 -4.22133e-05 0 0 2.63999e-05
3.99383e-05 -4.21518e-05 0 0 2.63999e-05
3.98768e-05 -4.20904e-05 0 0 2.63999e-05
3.98154e-05 -4.20293e-05 0 0 2.63999e-05
3.97543e-05 -4.19684e-05 0 0 2.63999e-05
3.96933e-05 -4.19076e-05 0 0 2.63999e-05
3.96326e-05 -4.18471e-05 0 0 2.63999e-05
3.9572e-05 -4.17867e-05 0 0 2.63999e-05
3.95117e-05 -4.17266e-05 0 0 2.63999e-05
3.94515e-05 -4.16666e-05 0 0 2.63999e-05
3.93916e-05 -4.16068e-05 0 0 2.63999e-05
3.93318e-05 -4.15473e-05 0 0 2.63999e-05
3.92722e-05 -4.14879e-05 0 0 2.63999e-05
3.92129e-05 -4.14287e-05 0 0 2.63999e-05
3.91537e-05 -4.13697e-05 0 0 2.63999e-05
3.90947e-05 -4.13109e-05 0 0 2.63999e-05
3.90359e-05 -4.12523e-05 0 0 2.63999e-05
3.89773e-05 -4.11938e-05 0 0 2.63999e-05
3.89188e-05 -4.11356e-05 0 0 2.63999e-05
3.88606e-05 -4.10775e-05 0 0 2.63999e-05
3.88025e-05 -4.10197e-05 0 0 2.63999e-05
3.87447e-05 -4.0962e-05 0 0 2.63999e-05
3.8687e-05 -4.09045e-05 0 0 2.63999e-05
3.86295e-05 -4.08472e-05 0 0 2.63999e-05
3.85721e-05 -4.079e-05 0 0 2.63999e-05
3.8515e-05 -4.07331e-05 0 0 2.63999e-05
3.8458e-05 -4.06763e-05 0 0 2.63999e-05
3.84013e-05 -4.06197e-05 0 0 2.63999e-05
3.83447e-05 -4.05633e-05 0 0 2.63999e-05
3.82882e-05 -4.0507e-05 0 0 2.63999e-05
3.8232e-05 -4.0451e-05 0 0 2.63999e-05
3.81759e-05 -4.03951e-05 0 0 2.63999e-05
3.812e-05 -4.03393e-05 0 0 2.63999e-05
3.80643e-05 -4.02838e-05 0 0 2.63999e-05
3.80088e-05 -4.02284e-05 0 0 2.63999e-05
3.79534e-05 -4.01732e-05 0 0 2.63999e-05
3.78982e-05 -4.01182e-05 0 0 2.63999e-05
3.78432e-05 -4.00634e-05 0 0 2.63999e-05
3.77883e-05 -4.00087e-05 0 0 2.63999e-05
3.77337e-05 -3.99542e-05 0 0 2.63999e-05
3.76791e-05 -3.98998e-05 0 0 2.63999e-05
3.76248e-05 -3.98456e-05 0 0 2.63999e-05
3.75706e-05 -3.97916e-05 0 0 2.63999e-05
3.75166e-05 -3.97378e-05 0 0 2.63999e-05
3.74628e-05 -3.96841e-05 0 0 2.63999e-05
3.74091e-05 -3.96306e-05 0 0 2.63999e-05
3.73556e-05 -3.95773e-05 0 0 2.63999e-05
3.73022e-05 -3.95241e-05 0 0 2.63999e-05
3.72491e-05 -3.94711e-05 0 0 2.63999e-05
3.7196e-05 -3.94182e-05 0 0 2.63999e-05
3.71432e-05 -3.93655e-05 0 0 2.63999e-05
3.70905e-05 -3.9313e-05 0 0 2.63999e-05
3.70379e-05 -3.92606e-05 0 0 2.63999e-05
3.69856e-05 -3.92084e-05 0 0 2.63999e-05
3.69333e-05 -3.91563e-05 0 0 2.63999e-05
3.68813e-05 -3.91044e-05 0 0 2.63999e-05
3.68294e-05 -3.90527e-05 0 0 2.63999e-05
3.67776e-05 -3.90011e-05 0 0 2.63999e-05
3.6726e-05 -3.89496e-05 0 0 2.63999e-05
3.66746e-05 -3.88984e-05 0 0 2.63999e-05
3.66233e-05 -3.88472e-05 0 0 2.63999e-05
3.65722e-05 -3.87963e-05 0 0 2.63999e-05
3.65212e-05 -3.87454e-05 0 0 2.63999e-05
3.64704e-05 -3.86948e-05 0 0 2.63999e-05
3.64198e-05 -3.86443e-05 0 0 2.63999e-05
3.63692e-05 -3.85939e-05 0 0 2.63999e-05
3.63189e-05 -3.85437e-05 0 0 2.63999e-05
3.62687e-05 -3.84936e-05 0 0 2.63999e-05
3.62186e-05 -3.84437e-05 0 0 2.63999e-05
3.61687e-05 -3.83939e-05 0 0 2.63999e-05
3.61189e-05 -3.83443e-05 0 0 2.63999e-05
3.60693e-05 -3.82948e-05 0 0 2.63999e-05
3.60198e-05 -3.82455e-05 0 0 2.63999e-05
3.59705e-05 -3.81963e-05 0 0 2.63999e-05
3.59213e-05 -3.81473e-05 0 0 2.63999e-05
3.58723e-05 -3.80984e-05 0 0 2.63999e-05
3.58234e-05 -3.80497e-05 0 0 2.63999e-05
3.57746e-05 -3.8001e-05 0 0 2.63999e-05
3.5726e-05 -3.79526e-05 0 0 2.63999e-05
3.56776e-05 -3.79043e-05 0 0 2.63999e-05
3.56292e-05 -3.78561e-05 0 0 2.63999e-05
3.55811e-05 -3.7808e-05 0 0 2.63999e-05
3.5533e-05 -3.77601e-05 0 0 2.63999e-05
3.54851e-05 -3.77124e-05 0 0 2.63999e-05
3.54374e-05 -3.76648e-05 0 0 2.63999e-05
3.53897e-05 -3.76173e-05 0 0 2.63999e-05
3.53422e-05 -3.75699e-05 0 0 2.63999e-05
3.52949e-05 -3.75227e-05 0 0 2.63999e-05
3.52477e-05 -3.74756e-05 0 0 2.63999e-05
3.52006e-05 -3.74287e-05 0 0 2.63999e-05
3.51537e-05 -3.73819e-05 0 0 2.63999e-05
3.51069e-05 -3.73352e-05 0 0 2.63999e-05
3.50602e-05 -3.72887e-05 0 0 2.63999e-05
3.50137e-05 -3.72423e-05 0 0 2.63999e-05
3.49673e-05 -3.7196e-05 0 0 2.63999e-05
3.4921e-05 -3.71499e-05 0 0 2.63999e-05
3.48749e-05 -3.71039e-05 0 0 2.63999e-05
3.48289e-05 -3.7058e-05 0 0 2.63999e-05
3.4783e-05 -3.70123e-05 0 0 2.63999e-05
3.47372e-05 -3.69667e-05 0 0 2.63999e-05
3.46916e-05 -3.69212e-05 0 0 2.63999e-05
3.46461e-05 -3.68758e-05 0 0 2.63999e-05
3.46008e-05 -3.68306e-05 0 0 2.63999e-05
3.45556e-05 -3.67855e-05 0 0 2.63999e-05
3.45105e-05 -3.67405e-05 0 0 2.63999e-05
3.44655e-05 -3.66957e-05 0 0 2.63999e-05
3.44207e-05 -3.6651e-05 0 0 2.63999e-05
3.43759e-05 -3.66064e-05 0 0 2.63999e-05
3.43313e-05 -3.65619e-05 0 0 2.63999e-05
3.42869e-05 -3.65176e-05 0 0 2.63999e-05
3.42425e-05 -3.64733e-05 0 0 2.63999e-05
3.41983e-05 -3.64292e-05 0 0 2.63999e-05
3.41542e-05 -3.63853e-05 0 0 2.63999e-05
3.41102e-05 -3.63414e-05 0 0 2.63999e-05
3.40664e-05 -3.62977e-05 0 0 2.63999e-05
3.40227e-05 -3.62541e-05 0 0 2.63999e-05
3.39791e-05 -3.62106e-05 0 0 2.63999e-05
3.39356e-05 -3.61672e-05 0 0 2.63999e-05
3.38922e-05 -3.6124e-05 0 0 2.63999e-05
3.3849e-05 -3.60809e-05 0 0 2.63999e-05
3.38058e-05 -3.60379e-05 0 0 2.63999e-05
3.37628e-05 -3.5995e-05 0 0 2.63999e-05
3.37199e-05 -3.59522e-05 0 0 2.63999e-05
3.36772e-05 -3.59096e-05 0 0 2.63999e-05
3.36345e-05 -3.5867e-05 0 0 2.63999e-05
3.3592e-05 -3.58246e-05 0 0 2.63999e-05
3.35496e-05 -3.57823e-05 0 0 2.63999e-05
3.35073e-05 -3.57401e-05 0 0 2.63999e-05
3.34651e-05 -3.5698e-05 0 0 2.63999e-05
3.3423e-05 -3.56561e-05 0 0 2.63999e-05
3.33811e-05 -3.56142e-05 0 0 2.63999e-05
3.33392e-05 -3.55725e-05 0 0 2.63999e-05
3.32975e-05 -3.55309e-05 0 0 2.63999e-05
3.32559e-05 -3.54894e-05 0 0 2.63999e-05
3.32144e-05 -3.5448e-05 0 0 2.63999e-05
3.3173e-05 -3.54067e-05 0 0 2.63999e-05
3.31317e-05 -3.53656e-05 0 0 2.63999e-05
3.30905e-05 -3.53245e-05 0 0 2.63999e-05
3.30495e-05 -3.52836e-05 0 0 2.63999e-05
3.30085e-05 -3.52427e-05 0 0 2.63999e-05
3.29677e-05 -3.5202e-05 0 0 2.63999e-05
3.2927e-05 -3.51614e-05 0 0 2.63999e-05
3.28864e-05 -3.51209e-05 0 0 2.63999e-05
3.28458e-05 -3.50805e-05 0 0 2.63999e-05
3.28054e-05 -3.50402e-05 0 0 2.63999e-05
3.27652e-05 -3.5e-05 0 0 2.63999e-05
3.2725e-05 -3.49599e-05 0 0 2.63999e-05
3.26849e-05 -3.49199e-05 0 0 2.63999e-05
3.26449e-05 -3.48801e-05 0 0 2.63999e-05
3.26051e-05 -3.48403e-05 0 0 2.63999e-05
3.25653e-05 -3.48007e-05 0 0 2.63999e-05
3.25256e-05 -3.47611e-05 0 0 2.63999e-05
3.24861e-05 -3.47217e-05 0 0 2.63999e-05
3.24466e-05 -3.46823e-05 0 0 2.63999e-05
3.24073e-05 -3.46431e-05 0 0 2.63999e-05
3.23681e-05 -3.4604e-05 0 0 2.63999e-05
3.23289e-05 -3.45649e-05 0 0 2.63999e-05
3.22899e-05 -3.4526e-05 0 0 2.63999e-05
3.2251e-05 -3.44872e-05 0 0 2.63999e-05
3.22122e-05 -3.44485e-05 0 0 2.63999e-05
3.21734e-05 -3.44098e-05 0 0 2.63999e-05
3.21348e-05 -3.43713e-05 0 0 2.63999e-05
3.20963e-05 -3.43329e-05 0 0 2.63999e-05
3.20579e-05 -3.42946e-05 0 0 2.63999e-05
3.20195e-05 -3.42563e-05 0 0 2.63999e-05
3.19813e-05 -3.42182e-05 0 0 2.63999e-05
3.19432e-05 -3.41802e-05 0 0 2.63999e-05
3.19052e-05 -3.41423e-05 0 0 2.63999e-05
3.18672e-05 -3.41044e-05 0 0 2.63999e-05
3.18294e-05 -3.40667e-05 0 0 2.63999e-05
3.17917e-05 -3.40291e-05 0 0 2.63999e-05
3.17541e-05 -3.39915e-05 0 0 2.63999e-05
3.17165e-05 -3.39541e-05 0 0 2.63999e-05
3.16791e-05 -3.39168e-05 0 0 2.63999e-05
3.16417e-05 -3.38795e-05 0 0 2.63999e-05
3.16045e-05 -3.38424e-05 0 0 2.63999e-05
3.15673e-05 -3.38053e-05 0 0 2.63999e-05
3.15303e-05 -3.37683e-05 0 0 2.63999e-05
3.14933e-05 -3.37315e-05 0 0 2.63999e-05
3.14565e-05 -3.36947e-05 0 0 2.63999e-05
3.14197e-05 -3.3658e-05 0 0 2.63999e-05
3.1383e-05 -3.36214e-05 0 0 2.63999e-05
3.13464e-05 -3.35849e-05 0 0 2.63999e-05
3.13099e-05 -3.35485e-05 0 0 2.63999e-05
3.12735e-05 -3.35122e-05 0 0 2.63999e-05
3.12372e-05 -3.3476e-05 0 0 2.63999e-05
3.1201e-05 -3.34399e-05 0 0 2.63999e-05
3.11649e-05 -3.34039e-05 0 0 2.63999e-05
3.11288e-05 -3.33679e-05 0 0 2.63999e-05
3.10929e-05 -3.33321e-05 0 0 2.63999e-05
3.1057e-05 -3.32963e-05 0 0 2.63999e-05
3.10213e-05 -3.32606e-05 0 0 2.63999e-05
3.09856e-05 -3.3225e-05 0 0 2.63999e-05
3.095e-05 -3.31895e-05 0 0 2.63999e-05
3.09145e-05 -3.31541e-05 0 0 2.63999e-05
3.08791e-05 -3.31188e-05 0 0 2.63999e-05
3.08438e-05 -3.30836e-05 0 0 2.63999e-05
3.08086e-05 -3.30484e-05 0 0 2.63999e-05
3.07734e-05 -3.30134e-05 0 0 2.63999e-05
3.07384e-05 -3.29784e-05 0 0 2.63999e-05
3.07034e-05 -3.29435e-05 0 0 2.63999e-05
3.06685e-05 -3.29087e-05 0 0 2.63999e-05
3.06337e-05 -3.2874e-05 0 0 2.63999e-05
3.0599e-05 -3.28394e-05 0 0 2.63999e-05
3.05644e-05 -3.28049e-05 0 0 2.63999e-05
3.05298e-05 -3.27704e-05 0 0 2.63999e-05
3.04954e-05 -3.27361e-05 0 0 2.63999e-05
3.0461e-05 -3.27018e-05 0 0 2.63999e-05
3.04267e-05 -3.26676e-05 0 0 2.63999e-05
3.03925e-05 -3.26335e-05 0 0 2.63999e-05
3.03584e-05 -3.25994e-05 0 0 2.63999e-05
3.03244e-05 -3.25655e-05 0 0 2.63999e-05
3.02904e-05 -3.25316e-05 0 0 2.63999e-05
3.02566e-05 -3.24978e-05 0 0 2.63999e-05
3.02228e-05 -3.24641e-05 0 0 2.63999e-05
3.01891e-05 -3.24305e-05 0 0 2.63999e-05
3.01555e-05 -3.2397e-05 0 0 2.63999e-05
3.01219e-05 -3.23635e-05 0 0 2.63999e-05
3.00885e-05 -3.23301e-05 0 0 2.63999e-05
3.00551e-05 -3.22968e-05 0 0 2.63999e-05
3.00218e-05 -3.22636e-05 0 0 2.63999e-05
2.99886e-05 -3.22305e-05 0 0 2.63999e-05
2.99555e-05 -3.21974e-05 0 0 2.63999e-05
2.99224e-05 -3.21645e-05 0 0 2.63999e-05
2.98894e-05 -3.21316e-05 0 0 2.63999e-05
2.98566e-05 -3.20988e-05 0 0 2.63999e-05
2.98237e-05 -3.2066e-05 0 0 2.63999e-05
2.9791e-05 -3.20334e-05 0 0 2.63999e-05
2.97583e-05 -3.20008e-05 0 0 2.63999e-05
2.97258e-05 -3.19683e-05 0 0 2.63999e-05
2.96933e-05 -3.19359e-05 0 0 2.63999e-05
2.96608e-05 -3.19035e-05 0 0 2.63999e-05
2.96285e-05 -3.18712e-05 0 0 2.63999e-05
2.95962e-05 -3.18391e-05 0 0 2.63999e-05
2.9564e-05 -3.18069e-05 0 0 2.63999e-05
2.95319e-05 -3.17749e-05 0 0 2.63999e-05
2.94999e-05 -3.17429e-05 0 0 2.63999e-05
2.94679e-05 -3.1711e-05 0 0 2.63999e-05
2.9436e-05 -3.16792e-05 0 0 2.63999e-05
2.94042e-05 -3.16475e-05 0 0 2.63999e-05
2.93725e-05 -3.16158e-05 0 0 2.63999e-05
2.93408e-05 -3.15842e-05 0 0 2.63999e-05
2.93092e-05 -3.15527e-05 0 0 2.63999e-05
2.92777e-05 -3.15213e-05 0 0 2.63999e-05
2.92463e-05 -3.14899e-05 0 0 2.63999e-05
2.92149e-05 -3.14586e-05 0 0 2.63999e-05
2.91836e-05 -3.14274e-05 0 0 2.63999e-05
2.91524e-05 -3.13963e-05 0 0 2.63999e-05
2.91212e-05 -3.13652e-05 0 0 2.63999e-05
2.90902e-05 -3.13342e-05 0 0 2.63999e-05
2.90592e-05 -3.13032e-05 0 0 2.63999e-05
2.90282e-05 -3.12724e-05 0 0 2.63999e-05
2.89974e-05 -3.12416e-05 0 0 2.63999e-05
2.89666e-05 -3.12109e-05 0 0 2.63999e-05
2.89359e-05 -3.11802e-05 0 0 2.63999e-05
2.89052e-05 -3.11497e-05 0 0 2.63999e-05
2.88747e-05 -3.11192e-05 0 0 2.63999e-05
2.88441e-05 -3.10887e-05 0 0 2.63999e-05
2.88137e-05 -3.10584e-05 0 0 2.63999e-05
2.87834e-05 -3.10281e-05 0 0 2.63999e-05
2.87531e-05 -3.09979e-05 0 0 2.63999e-05
2.87228e-05 -3.09677e-05 0 0 2.63999e-05
2.86927e-05 -3.09376e-05 0 0 2.63999e-05
2.86626e-05 -3.09076e-05 0 0 2.63999e-05
2.86326e-05 -3.08777e-05 0 0 2.63999e-05
2.86027e-05 -3.08478e-05 0 0 2.63999e-05
2.85728e-05 -3.0818e-05 0 0 2.63999e-05
2.8543e-05 -3.07883e-05 0 0 2.63999e-05
2.85132e-05 -3.07586e-05 0 0 2.63999e-05
2.84836e-05 -3.0729e-05 0 0 2.63999e-05
2.8454e-05 -3.06994e-05 0 0 2.63999e-05
2.84244e-05 -3.067e-05 0 0 2.63999e-05
2.83949e-05 -3.06406e-05 0 0 2.63999e-05
2.83655e-05 -3.06112e-05 0 0 2.63999e-05
2.83362e-05 -3.0582e-05 0 0 2.63999e-05
2.83069e-05 -3.05528e-05 0 0 2.63999e-05
2.82777e-05 -3.05236e-05 0 0 2.63999e-05
2.82486e-05 -3.04945e-05 0 0 2.63999e-05
2.82195e-05 -3.04655e-05 0 0 2.63999e-05
2.81905e-05 -3.04366e-05 0 0 2.63999e-05
2.81616e-05 -3.04077e-05 0 0 2.63999e-05
2.81327e-05 -3.03789e-05 0 0 2.63999e-05
2.81039e-05 -3.03502e-05 0 0 2.63999e-05
2.80751e-05 -3.03215e-05 0 0 2.63999e-05
2.80465e-05 -3.02929e-05 0 0 2.63999e-05
2.80178e-05 -3.02643e-05 0 0 2.63999e-05
2.79893e-05 -3.02358e-05 0 0 2.63999e-05
2.79608e-05 -3.02074e-05 0 0 2.63999e-05
2.79324e-05 -3.0179e-05 0 0 2.63999e-05
2.7904e-05 -3.01507e-05 0 0 2.63999e-05
2.78757e-05 -3.01225e-05 0 0 2.63999e-05
2.78475e-05 -3.00943e-05 0 0 2.63999e-05
2.78193e-05 -3.00662e-05 0 0 2.63999e-05
2.77912e-05 -3.00381e-05 0 0 2.63999e-05
2.77631e-05 -3.00102e-05 0 0 2.63999e-05
2.77351e-05 -2.99822e-05 0 0 2.63999e-05
2.77072e-05 -2.99544e-05 0 0 2.63999e-05
2.76793e-05 -2.99266e-05 0 0 2.63999e-05
2.76515e-05 -2.98988e-05 0 0 2.63999e-05
2.76238e-05 -2.98711e-05 0 0 2.63999e-05
2.75961e-05 -2.98435e-05 0 0 2.63999e-05
2.75685e-05 -2.98159e-05 0 0 2.63999e-05
2.75409e-05 -2.97884e-05 0 0 2.63999e-05
2.75134e-05 -2.9761e-05 0 0 2.63999e-05
2.7486e-05 -2.97336e-05 0 0 2.63999e-05
2.74586e-05 -2.97063e-05 0 0 2.63999e-05
2.74313e-05 -2.9679e-05 0 0 2.63999e-05
2.7404e-05 -2.96518e-05 0 0 2.63999e-05
2.73768e-05 -2.96247e-05 0 0 2.63999e-05
2.73497e-05 -2.95976e-05 0 0 2.63999e-05
2.73226e-05 -2.95706e-05 0 0 2.63999e-05
2.72956e-05 -2.95436e-05 0 0 2.63999e-05
2.72686e-05 -2.95167e-05 0 0 2.63999e-05
2.72417e-05 -2.94899e-05 0 0 2.63999e-05
2.72148e-05 -2.94631e-05 0 0 2.63999e-05
2.7188e-05 -2.94363e-05 0 0 2.63999e-05
2.71613e-05 -2.94097e-05 0 0 2.63999e-05
2.71346e-05 -2.9383e-05 0 0 2.63999e-05
2.7108e-05 -2.93565e-05 0 0 2.63999e-05
2.70814e-05 -2.933e-05 0 0 2.63999e-05
2.70549e-05 -2.93035e-05 0 0 2.63999e-05
2.70285e-05 -2.92771e-05 0 0 2.63999e-05
2.70021e-05 -2.92508e-05 0 0 2.63999e-05
2.69758e-05 -2.92245e-05 0 0 2.63999e-05
2.69495e-05 -2.91983e-05 0 0 2.63999e-05
2.69233e-05 -2.91721e-05 0 0 2.63999e-05
2.68971e-05 -2.9146e-05 0 0 2.63999e-05
2.6871e-05 -2.912e-05 0 0 2.63999e-05
2.68449e-05 -2.9094e-05 0 0 2.63999e-05
2.68189e-05 -2.9068e-05 0 0 2.63999e-05
2.6793e-05 -2.90421e-05 0 0 2.63999e-05
2.67671e-05 -2.90163e-05 0 0 2.63999e-05
2.67413e-05 -2.89905e-05 0 0 2.63999e-05
2.67155e-05 -2.89648e-05 0 0 2.63999e-05
2.66898e-05 -2.89391e-05 0 0 2.63999e-05
2.66641e-05 -2.89135e-05 0 0 2.63999e-05
2.66385e-05 -2.88879e-05 0 0 2.63999e-05
2.66129e-05 -2.88624e-05 0 0 2.63999e-05
2.65874e-05 -2.8837e-05 0 0 2.63999e-05
2.65619e-05 -2.88116e-05 0 0 2.63999e-05
2.65365e-05 -2.87862e-05 0 0 2.63999e-05
2.65112e-05 -2.87609e-05 0 0 2.63999e-05
2.64859e-05 -2.87357e-05 0 0 2.63999e-05
2.64606e-05 -2.87105e-05 0 0 2.63999e-05
2.64355e-05 -2.86853e-05 0 0 2.63999e-05
2.64103e-05 -2.86603e-05 0 0 2.63999e-05
2.63852e-05 -2.86352e-05 0 0 2.63999e-05
2.63602e-05 -2.86102e-05 0 0 2.63999e-05
2.63352e-05 -2.85853e-05 0 0 2.63999e-05
2.63103e-05 -2.85604e-05 0 0 2.63999e-05
2.62854e-05 -2.85356e-05 0 0 2.63999e-05
2.62606e-05 -2.85108e-05 0 0 2.63999e-05
2.62358e-05 -2.84861e-05 0 0 2.63999e-05
2.62111e-05 -2.84614e-05 0 0 2.63999e-05
2.61864e-05 -2.84368e-05 0 0 2.63999e-05
2.61618e-05 -2.84122e-05 0 0 2.63999e-05
2.61372e-05 -2.83877e-05 0 0 2.63999e-05
2.61127e-05 -2.83633e-05 0 0 2.63999e-05
2.60882e-05 -2.83388e-05 0 0 2.63999e-05
2.60638e-05 -2.83145e-05 0 0 2.63999e-05
2.60394e-05 -2.82902e-05 0 0 2.63999e-05
2.60151e-05 -2.82659e-05 0 0 2.63999e-05
2.59909e-05 -2.82417e-05 0 0 2.63999e-05
2.59666e-05 -2.82175e-05 0 0 2.63999e-05
2.59425e-05 -2.81934e-05 0 0 2.63999e-05
2.59183e-05 -2.81693e-05 0 0 2.63999e-05
2.58943e-05 -2.81453e-05 0 0 2.63999e-05
2.58702e-05 -2.81213e-05 0 0 2.63999e-05
2.58463e-05 -2.80974e-05 0 0 2.63999e-05
2.58223e-05 -2.80735e-05 0 0 2.63999e-05
2.57985e-05 -2.80497e-05 0 0 2.63999e-05
2.57746e-05 -2.80259e-05 0 0 2.63999e-05
2.57509e-05 -2.80022e-05 0 0 2.63999e-05
2.57271e-05 -2.79785e-05 0 0 2.63999e-05
2.57034e-05 -2.79548e-05 0 0 2.63999e-05
2.56798e-05 -2.79313e-05 0 0 2.63999e-05
2.56562e-05 -2.79077e-05 0 0 2.63999e-05
2.56327e-05 -2.78842e-05 0 0 2.63999e-05
2.56092e-05 -2.78608e-05 0 0 2.63999e-05
2.55857e-05 -2.78374e-05 0 0 2.63999e-05
2.55623e-05 -2.7814e-05 0 0 2.63999e-05
2.5539e-05 -2.77907e-05 0 0 2.63999e-05
2.55157e-05 -2.77675e-05 0 0 2.63999e-05
2.54924e-05 -2.77442e-05 0 0 2.63999e-05
2.54692e-05 -2.77211e-05 0 0 2.63999e-05
2.54461e-05 -2.7698e-05 0 0 2.63999e-05
2.54229e-05 -2.76749e-05 0 0 2.63999e-05
2.53999e-05 -2.76519e-05 0 0 2.63999e-05
2.53768e-05 -2.76289e-05 0 0 2.63999e-05
2.53539e-05 -2.76059e-05 0 0 2.63999e-05
2.53309e-05 -2.75831e-05 0 0 2.63999e-05
2.5308e-05 -2.75602e-05 0 0 2.63999e-05
2.52852e-05 -2.75374e-05 0 0 2.63999e-05
2.52624e-05 -2.75147e-05 0 0 2.63999e-05
2.52396e-05 -2.74919e-05 0 0 2.63999e-05
2.52169e-05 -2.74693e-05 0 0 2.63999e-05
2.51943e-05 -2.74467e-05 0 0 2.63999e-05
2.51716e-05 -2.74241e-05 0 0 2.63999e-05
2.51491e-05 -2.74016e-05 0 0 2.63999e-05
2.51265e-05 -2.73791e-05 0 0 2.63999e-05
2.5104e-05 -2.73566e-05 0 0 2.63999e-05
2.50816e-05 -2.73342e-05 0 0 2.63999e-05
2.50592e-05 -2.73119e-05 0 0 2.63999e-05
2.50368e-05 -2.72896e-05 0 0 2.63999e-05
2.50145e-05 -2.72673e-05 0 0 2.63999e-05
2.49923e-05 -2.72451e-05 0 0 2.63999e-05
2.497e-05 -2.72229e-05 0 0 2.63999e-05
2.49479e-05 -2.72008e-05 0 0 2.63999e-05
2.49257e-05 -2.71787e-05 0 0 2.63999e-05
2.49036e-05 -2.71566e-05 0 0 2.63999e-05
2.48816e-05 -2.71346e-05 0 0 2.63999e-05
2.48596e-05 -2.71126e-05 0 0 2.63999e-05
2.48376e-05 -2.70907e-05 0 0 2.63999e-05
2.48157e-05 -2.70688e-05 0 0 2.63999e-05
2.47938e-05 -2.7047e-05 0 0 2.63999e-05
2.4772e-05 -2.70252e-05 0 0 2.63999e-05
2.47502e-05 -2.70034e-05 0 0 2.63999e-05
2.47284e-05 -2.69817e-05 0 0 2.63999e-05
2.47067e-05 -2.69601e-05 0 0 2.63999e-05
2.4685e-05 -2.69384e-05 0 0 2.63999e-05
2.46634e-05 -2.69168e-05 0 0 2.63999e-05
2.46418e-05 -2.68953e-05 0 0 2.63999e-05
2.46203e-05 -2.68738e-05 0 0 2.63999e-05
2.45988e-05 -2.68523e-05 0 0 2.63999e-05
2.45773e-05 -2.68309e-05 0 0 2.63999e-05
2.45559e-05 -2.68095e-05 0 0 2.63999e-05
2.45345e-05 -2.67882e-05 0 0 2.63999e-05
2.45132e-05 -2.67669e-05 0 0 2.63999e-05
2.44919e-05 -2.67456e-05 0 0 2.63999e-05
2.44706e-05 -2.67244e-05 0 0 2.63999e-05
2.44494e-05 -2.67032e-05 0 0 2.63999e-05
2.44282e-05 -2.66821e-05 0 0 2.63999e-05
2.44071e-05 -2.6661e-05 0 0 2.63999e-05
2.4386e-05 -2.66399e-05 0 0 2.63999e-05
2.43649e-05 -2.66189e-05 0 0 2.63999e-05
2.43439e-05 -2.6598e-05 0 0 2.63999e-05
2.43229e-05 -2.6577e-05 0 0 2.63999e-05
2.4302e-05 -2.65561e-05 0 0 2.63999e-05
2.42811e-05 -2.65353e-05 0 0 2.63999e-05
2.42602e-05 -2.65144e-05 0 0 2.63999e-05
2.42394e-05 -2.64937e-05 0 0 2.63999e-05
2.42186e-05 -2.64729e-05 0 0 2.63999e-05
2.41979e-05 -2.64522e-05 0 0 2.63999e-05
2.41772e-05 -2.64316e-05 0 0 2.63999e-05
2.41565e-05 -2.64109e-05 0 0 2.63999e-05
2.41359e-05 -2.63903e-05 0 0 2.63999e-05
2.41153e-05 -2.63698e-05 0 0 2.63999e-05
2.40948e-05 -2.63493e-05 0 0 2.63999e-05
2.40743e-05 -2.63288e-05 0 0 2.63999e-05
2.40538e-05 -2.63084e-05 0 0 2.63999e-05
2.40334e-05 -2.6288e-05 0 0 2.63999e-05
2.4013e-05 -2.62676e-05 0 0 2.63999e-05
2.39926e-05 -2.62473e-05 0 0 2.63999e-05
2.39723e-05 -2.6227e-05 0 0 2.63999e-05
2.3952e-05 -2.62068e-05 0 0 2.63999e-05
2.39318e-05 -2.61866e-05 0 0 2.63999e-05
2.39116e-05 -2.61664e-05 0 0 2.63999e-05
2.38914e-05 -2.61463e-05 0 0 2.63999e-05
2.38713e-05 -2.61262e-05 0 0 2.63999e-05
2.38512e-05 -2.61061e-05 0 0 2.63999e-05
2.38311e-05 -2.60861e-05 0 0 2.63999e-05
2.38111e-05 -2.60661e-05 0 0 2.63999e-05
2.37911e-05 -2.60462e-05 0 0 2.63999e-05
2.37712e-05 -2.60263e-05 0 0 2.63999e-05
2.37513e-05 -2.60064e-05 0 0 2.63999e-05
2.37314e-05 -2.59866e-05 0 0 2.63999e-05
2.37116e-05 -2.59668e-05 0 0 2.63999e-05
2.36918e-05 -2.5947e-05 0 0 2.63999e-05
2.3672e-05 -2.59273e-05 0 0 2.63999e-05
2.36523e-05 -2.59076e-05 0 0 2.63999e-05
2.36326e-05 -2.58879e-05 0 0 2.63999e-05
2.36129e-05 -2.58683e-05 0 0 2.63999e-05
2.35933e-05 -2.58487e-05 0 0 2.63999e-05
2.35737e-05 -2.58292e-05 0 0 2.63999e-05
2.35542e-05 -2.58097e-05 0 0 2.63999e-05
2.35347e-05 -2.57902e-05 0 0 2.63999e-05
2.35152e-05 -2.57708e-05 0 0 2.63999e-05
2.34957e-05 -2.57514e-05 0 0 2.63999e-05
2.34763e-05 -2.5732e-05 0 0 2.63999e-05
2.3457e-05 -2.57127e-05 0 0 2.63999e-05
2.34376e-05 -2.56934e-05 0 0 2.63999e-05
2.34183e-05 -2.56741e-05 0 0 2.63999e-05
2.33991e-05 -2.56549e-05 0 0 2.63999e-05
2.33798e-05 -2.56357e-05 0 0 2.63999e-05
2.33606e-05 -2.56165e-05 0 0 2.63999e-05
2.33415e-05 -2.55974e-05 0 0 2.63999e-05
2.33224e-05 -2.55783e-05 0 0 2.63999e-05
2.33033e-05 -2.55592e-05 0 0 2.63999e-05
2.32842e-05 -2.55402e-05 0 0 2.63999e-05
2.32652e-05 -2.55212e-05 0 0 2.63999e-05
2.32462e-05 -2.55023e-05 0 0 2.63999e-05
2.32272e-05 -2.54833e-05 0 0 2.63999e-05
2.32083e-05 -2.54645e-05 0 0 2.63999e-05
2.31894e-05 -2.54456e-05 0 0 2.63999e-05
2.31706e-05 -2.54268e-05 0 0 2.63999e-05
2.31517e-05 -2.5408e-05 0 0 2.63999e-05
2.3133e-05 -2.53892e-05 0 0 2.63999e-05
2.31142e-05 -2.53705e-05 0 0 2.63999e-05
2.30955e-05 -2.53518e-05 0 0 2.63999e-05
2.30768e-05 -2.53332e-05 0 0 2.63999e-05
2.30581e-05 -2.53146e-05 0 0 2.63999e-05
2.30395e-05 -2.5296e-05 0 0 2.63999e-05
2.30209e-05 -2.52774e-05 0 0 2.63999e-05
