The five columns in this file are (in order): kinetic energy, potential energy, angular momentum (x,y,z)
5.92176e-05 0.000118435 -1.24862e-31 -2.99994e-13 1.88492e-05
5.92176e-05 0.000118435 -2.6382e-31 -2.99994e-13 1.88492e-05
5.92176e-05 0.000118435 1.06415e-30 -2.99994e-13 1.88492e-05
5.92176e-05 0.000118435 -4.58437e-31 -2.99994e-13 1.88492e-05
5.92176e-05 0.000118435 -8.38775e-31 -2.99994e-13 1.88492e-05
5.92176e-05 0.000118435 -7.9707e-31 -2.99994e-13 1.88492e-05
5.92176e-05 0.000118435 -1.75854e-30 -2.99994e-13 1.88492e-05
5.92176e-05 0.000118435 -4.41027e-30 -2.99994e-13 1.88492e-05
5.92176e-05 0.000118435 -1.91048e-30 -2.99994e-13 1.88492e-05
5.92176e-05 0.000118435 6.38541e-31 -2.99994e-13 1.88492e-05
5.92176e-05 0.000118435 -4.28526e-30 -2.99994e-13 1.88492e-05
5.92176e-05 0.000118435 -6.78095e-30 -2.99994e-13 1.88492e-05
5.92176e-05 0.000118435 -6.54348e-30 -2.99994e-13 1.88492e-05
5.92176e-05 0.000118435 -4.93587e-30 -2.99994e-13 1.88492e-05
5.92176e-05 0.000118435 -4.89096e-30 -2.99994e-13 1.88492e-05
5.92176e-05 0.000118435 -2.90416e-30 -2.99994e-13 1.88492e-05
5.92176e-05 0.000118435 -2.7321e-30 -2.99994e-13 1.88492e-05
5.92176e-05 0.000118435 -3.55706e-30 -2.99994e-13 1.88492e-05
5.92176e-05 0.000118435 -2.35366e-30 -2.99994e-13 1.88492e-05
5.92176e-05 0.000118435 -1.91148e-29 -2.99994e-13 1.88492e-05
5.92176e-05 0.000118435 -1.68087e-29 -2.99994e-13 1.88492e-05
5.92176e-05 0.000118435 -1.39488e-29 -2.99994e-13 1.88492e-05
5.92176e-05 0.000118435 -1.38045e-29 -2.99994e-13 1.88492e-05
5.92176e-05 0.000118435 -6.88033e-30 -2.99994e-13 1.88492e-05
5.92176e-05 0.000118435 -4.46774e-30 -2.99994e-13 1.88492e-05
5.92176e-05 0.000118435 -1.25265e-29 -2.99994e-13 1.88492e-05
5.92176e-05 0.000118435 -2.02829e-29 -2.99994e-13 1.88492e-05
5.92176e-05 0.000118435 -2.22802e-29 -2.99994e-13 1.88492e-05
5.92176e-05 0.000118435 -1.70321e-29 -2.99994e-13 1.88492e-05
5.92176e-05 0.000118435 -1.95061e-29 -2.99994e-13 1.88492e-05
5.92176e-05 0.000118435 -2.85611e-29 -2.99994e-13 1.88492e-05
5.92176e-05 0.000118435 -9.79201e-30 -2.99994e-13 1.88492e-05
5.92176e-05 0.000118435 -4.75597e-30 -2.99994e-13 1.88492e-05
5.92176e-05 0.000118435 -2.82876e-30 -2.99994e-13 1.88492e-05
5.92176e-05 0.000118435 -1.66573e-29 -2.99994e-13 1.88492e-05
5.92176e-05 0.000118435 -1.88784e-29 -2.99994e-13 1.88492e-05
5.92176e-05 0.000118435 -2.35515e-29 -2.99994e-13 1.88492e-05
5.92176e-05 0.000118435 -2.16556e-29 -2.99994e-13 1.88492e-05
5.92176e-05 0.000118435 -3.31013e-29 -2.99994e-13 1.88492e-05
5.92176e-05 0.000118435 -3.37021e-29 -2.99994e-13 1.88492e-05
5.92176e-05 0.000118435 -3.67074e-29 -2.99994e-13 1.88492e-05
5.92176e-05 0.000118435 -2.71472e-29 -2.99994e-13 1.88492e-05
5.92176e-05 0.000118435 -2.41099e-29 -2.99994e-13 1.88492e-05
5.92176e-05 0.000118435 -3.34694e-29 -2.99994e-13 1.88492e-05
5.92176e-05 0.000118435 -3.05681e-29 -2.99994e-13 1.88492e-05
5.92176e-05 0.000118435 -4.66614e-29 -2.99994e-13 1.88492e-05
5.92176e-05 0.000118435 -2.9637e-29 -2.99994e-13 1.88492e-05
5.92176e-05 0.000118435 -4.19274e-29 -2.99994e-13 1.88492e-05
5.92176e-05 0.000118435 -3.21361e-29 -2.99994e-13 1.88492e-05
5.92176e-05 0.000118435 -3.26739e-29 -2.99994e-13 1.88492e-05
5.92176e-05 0.000118435 -4.02763e-29 -2.99994e-13 1.88492e-05
5.92176e-05 0.000118435 -2.54275e-29 -2.99994e-13 1.88492e-05
5.92176e-05 0.000118435 -2.66948e-29 -2.99994e-13 1.88492e-05
5.92176e-05 0.000118435 -3.98639e-29 -2.99994e-13 1.88492e-05
5.92176e-05 0.000118435 -1.70275e-29 -2.99994e-13 1.88492e-05
5.92176e-05 0.000118435 -1.5755e-29 -2.99994e-13 1.88492e-05
5.92176e-05 0.000118435 -3.41548e-29 -2.99994e-13 1.88492e-05
5.92176e-05 0.000118435 -1.68384e-29 -2.99994e-13 1.88492e-05
5.92176e-05 0.000118435 -2.18237e-29 -2.99994e-13 1.88492e-05
5.92176e-05 0.000118435 -2.62621e-29 -2.99994e-13 1.88492e-05
5.92176e-05 0.000118435 -1.33286e-29 -2.99994e-13 1.88492e-05
5.92176e-05 0.000118435 2.24442e-30 -2.99994e-13 1.88492e-05
5.92176e-05 0.000118435 -1.37301e-29 -2.99994e-13 1.88492e-05
5.92176e-05 0.000118435 -2.29114e-29 -2.99994e-13 1.88492e-05
5.92176e-05 0.000118435 -1.15858e-29 -2.99994e-13 1.88492e-05
5.92176e-05 0.000118435 5.21032e-31 -2.99994e-13 1.88492e-05
5.92176e-05 0.000118435 -1.67949e-29 -2.99994e-13 1.88492e-05
5.92176e-05 0.000118435 -2.25324e-29 -2.99994e-13 1.88492e-05
5.92176e-05 0.000118435 -4.85941e-29 -2.99994e-13 1.88492e-05
5.92176e-05 0.000118435 -3.56018e-29 -2.99994e-13 1.88492e-05
5.92175e-05 0.000118435 -6.35215e-29 -2.99994e-13 1.88492e-05
5.92175e-05 0.000118435 -6.94317e-29 -2.99994e-13 1.88492e-05
5.92175e-05 0.000118435 -7.76344e-29 -2.99994e-13 1.88492e-05
5.92175e-05 0.000118435 -6.29359e-29 -2.99994e-13 1.88492e-05
5.92175e-05 0.000118435 -6.23635e-29 -2.99994e-13 1.88492e-05
5.92175e-05 0.000118435 -5.92609e-29 -2.99994e-13 1.88492e-05
5.92175e-05 0.000118435 -8.04396e-29 -2.99994e-13 1.88492e-05
5.92175e-05 0.000118435 -4.29722e-29 -2.99994e-13 1.88492e-05
5.92175e-05 0.000118435 -3.7311e-29 -2.99994e-13 1.88492e-05
5.92175e-05 0.000118435 -7.32555e-30 -2.99994e-13 1.88492e-05
5.92175e-05 0.000118435 -1.73012e-29 -2.99994e-13 1.88492e-05
5.92175e-05 0.000118435 -1.73401e-29 -2.99994e-13 1.88492e-05
5.92175e-05 0.000118435 -2.27709e-29 -2.99994e-13 1.88492e-05
5.92175e-05 0.000118435 6.5022e-30 -2.99994e-13 1.88492e-05
5.92175e-05 0.000118435 -2.70062e-30 -2.99994e-13 1.88492e-05
5.92175e-05 0.000118435 -1.82563e-29 -2.99994e-13 1.88492e-05
5.92175e-05 0.000118435 -4.58332e-29 -2.99994e-13 1.88492e-05
5.92175e-05 0.000118435 -2.32335e-29 -2.99994e-13 1.88492e-05
5.92175e-05 0.000118435 -3.27632e-29 -2.99994e-13 1.88492e-05
5.92175e-05 0.000118435 -3.18226e-29 -2.99994e-13 1.88492e-05
5.92175e-05 0.000118435 -1.9254e-30 -2.99994e-13 1.88492e-05
5.92175e-05 0.000118435 1.13615e-29 -2.99994e-13 1.88492e-05
5.92175e-05 0.000118435 -1.97385e-29 -2.99994e-13 1.88492e-05
5.92175e-05 0.000118435 -2.21953e-29 -2.99994e-13 1.88492e-05
5.92175e-05 0.000118435 -3.84515e-29 -2.99994e-13 1.88492e-05
5.92175e-05 0.000118435 -9.28695e-30 -2.99994e-13 1.88492e-05
5.92175e-05 0.000118435 -3.90013e-29 -2.99994e-13 1.88492e-05
5.92175e-05 0.000118435 -2.93474e-29 -2.99994e-13 1.88492e-05
5.92175e-05 0.000118435 9.07566e-30 -2.99994e-13 1.88492e-05
5.92175e-05 0.000118435 4.36366e-29 -2.99994e-13 1.88492e-05
5.92175e-05 0.000118435 7.32793e-30 -2.99994e-13 1.88492e-05
5.92175e-05 0.000118435 -2.31697e-29 -2.99994e-13 1.88492e-05
5.92175e-05 0.000118435 -2.14888e-30 -2.99994e-13 1.88492e-05
5.92175e-05 0.000118435 1.70081e-29 -2.99994e-13 1.88492e-05
5.92175e-05 0.000118435 5.00783e-29 -2.99994e-13 1.88492e-05
5.92175e-05 0.000118435 5.50231e-29 -2.99994e-13 1.88492e-05
5.92175e-05 0.000118435 2.51173e-29 -2.99994e-13 1.88492e-05
5.92174e-05 0.000118435 5.06788e-29 -2.99994e-13 1.88492e-05
5.92174e-05 0.000118435 7.08256e-29 -2.99994e-13 1.88492e-05
5.92174e-05 0.000118435 8.44688e-29 -2.99994e-13 1.88492e-05
5.92174e-05 0.000118435 7.79187e-29 -2.99994e-13 1.88492e-05
5.92174e-05 0.000118435 8.23887e-29 -2.99994e-13 1.88492e-05
5.92174e-05 0.000118435 7.76557e-29 -2.99994e-13 1.88492e-05
5.92174e-05 0.000118435 6.1223e-29 -2.99994e-13 1.88492e-05
5.92174e-05 0.000118435 7.32731e-29 -2.99994e-13 1.88492e-05
5.92174e-05 0.000118435 4.27063e-29 -2.99994e-13 1.88492e-05
5.92174e-05 0.000118435 3.85257e-29 -2.99994e-13 1.88492e-05
5.92174e-05 0.000118435 4.96295e-29 -2.99994e-13 1.88492e-05
5.92174e-05 0.000118435 1.66454e-29 -2.99994e-13 1.88492e-05
5.92174e-05 0.000118435 6.68817e-30 -2.99994e-13 1.88492e-05
5.92174e-05 0.000118435 -6.55246e-30 -2.99994e-13 1.88492e-05
5.92174e-05 0.000118435 -1.85851e-30 -2.99994e-13 1.88492e-05
5.92174e-05 0.000118435 -7.33961e-30 -2.99994e-13 1.88492e-05
5.92174e-05 0.000118435 -1.26398e-29 -2.99994e-13 1.88492e-05
5.92174e-05 0.000118435 -7.5586e-29 -2.99994e-13 1.88492e-05
5.92174e-05 0.000118435 -5.41481e-29 -2.99994e-13 1.88492e-05
5.92174e-05 0.000118435 -8.28288e-29 -2.99994e-13 1.88492e-05
5.92174e-05 0.000118435 -8.46006e-29 -2.99994e-13 1.88492e-05
5.92174e-05 0.000118435 -8.88511e-29 -2.99994e-13 1.88492e-05
5.92174e-05 0.000118435 -8.70325e-29 -2.99994e-13 1.88492e-05
5.92174e-05 0.000118435 -1.22333e-28 -2.99994e-13 1.88492e-05
5.92174e-05 0.000118435 -9.42326e-29 -2.99994e-13 1.88492e-05
5.92174e-05 0.000118435 -1.13253e-28 -2.99994e-13 1.88492e-05
5.92174e-05 0.000118435 -7.48253e-29 -2.99994e-13 1.88492e-05
5.92174e-05 0.000118435 -9.1114e-29 -2.99994e-13 1.88492e-05
5.92174e-05 0.000118435 -9.2361e-29 -2.99994e-13 1.88492e-05
5.92173e-05 0.000118435 -1.1089e-28 -2.99994e-13 1.88492e-05
5.92173e-05 0.000118435 -1.03887e-28 -2.99994e-13 1.88492e-05
5.92173e-05 0.000118435 -1.09926e-28 -2.99994e-13 1.88492e-05
5.92173e-05 0.000118435 -1.30842e-28 -2.99994e-13 1.88492e-05
5.92173e-05 0.000118435 -1.40732e-28 -2.99994e-13 1.88492e-05
5.92173e-05 0.000118435 -1.33469e-28 -2.99994e-13 1.88492e-05
5.92173e-05 0.000118435 -1.35505e-28 -2.99994e-13 1.88492e-05
5.92173e-05 0.000118435 -9.6214e-29 -2.99994e-13 1.88492e-05
5.92173e-05 0.000118435 -1.23324e-28 -2.99994e-13 1.88492e-05
5.92173e-05 0.000118435 -1.03162e-28 -2.99994e-13 1.88492e-05
5.92173e-05 0.000118435 -1.16148e-28 -2.99994e-13 1.88492e-05
5.92173e-05 0.000118435 -1.08428e-28 -2.99994e-13 1.88492e-05
5.92173e-05 0.000118435 -1.06807e-28 -2.99994e-13 1.88492e-05
5.92173e-05 0.000118435 -1.14292e-28 -2.99994e-13 1.88492e-05
5.92173e-05 0.000118435 -1.28563e-28 -2.99994e-13 1.88492e-05
5.92173e-05 0.000118435 -1.25555e-28 -2.99994e-13 1.88492e-05
5.92173e-05 0.000118435 -1.2992e-28 -2.99994e-13 1.88492e-05
5.92173e-05 0.000118435 -1.19063e-28 -2.99994e-13 1.88492e-05
5.92173e-05 0.000118435 -9.67602e-29 -2.99994e-13 1.88492e-05
5.92173e-05 0.000118435 -9.47297e-29 -2.99994e-13 1.88492e-05
5.92173e-05 0.000118435 -1.14081e-28 -2.99994e-13 1.88492e-05
5.92173e-05 0.000118435 -1.35128e-28 -2.99994e-13 1.88492e-05
5.92173e-05 0.000118435 -1.47861e-28 -2.99994e-13 1.88492e-05
5.92173e-05 0.000118435 -1.11943e-28 -2.99994e-13 1.88492e-05
5.92172e-05 0.000118435 -1.31907e-28 -2.99994e-13 1.88492e-05
5.92172e-05 0.000118435 -1.10641e-28 -2.99994e-13 1.88492e-05
5.92172e-05 0.000118435 -1.26259e-28 -2.99994e-13 1.88492e-05
5.92172e-05 0.000118435 -1.38276e-28 -2.99994e-13 1.88492e-05
5.92172e-05 0.000118435 -1.04469e-28 -2.99994e-13 1.88492e-05
5.92172e-05 0.000118435 -1.12036e-28 -2.99994e-13 1.88492e-05
5.92172e-05 0.000118435 -1.36553e-28 -2.99994e-13 1.88492e-05
5.92172e-05 0.000118435 -1.04068e-28 -2.99994e-13 1.88492e-05
5.92172e-05 0.000118435 -1.47573e-28 -2.99994e-13 1.88492e-05
5.92172e-05 0.000118435 -1.57385e-28 -2.99994e-13 1.88492e-05
5.92172e-05 0.000118435 -1.61723e-28 -2.99994e-13 1.88492e-05
5.92172e-05 0.000118435 -1.84842e-28 -2.99994e-13 1.88492e-05
5.92172e-05 0.000118435 -1.41889e-28 -2.99994e-13 1.88492e-05
5.92172e-05 0.000118435 -1.76069e-28 -2.99994e-13 1.88492e-05
5.92172e-05 0.000118435 -1.93549e-28 -2.99994e-13 1.88492e-05
5.92172e-05 0.000118435 -1.67802e-28 -2.99994e-13 1.88492e-05
5.92172e-05 0.000118435 -1.82993e-28 -2.99994e-13 1.88492e-05
5.92172e-05 0.000118435 -1.63052e-28 -2.99994e-13 1.88492e-05
5.92172e-05 0.000118435 -1.61605e-28 -2.99994e-13 1.88492e-05
5.92172e-05 0.000118435 -1.8528e-28 -2.99994e-13 1.88492e-05
5.92172e-05 0.000118435 -1.71226e-28 -2.99994e-13 1.88492e-05
5.92172e-05 0.000118435 -2.11126e-28 -2.99994e-13 1.88492e-05
5.92171e-05 0.000118435 -2.02181e-28 -2.99994e-13 1.88492e-05
5.92171e-05 0.000118435 -1.86079e-28 -2.99994e-13 1.88492e-05
5.92171e-05 0.000118435 -1.88775e-28 -2.99994e-13 1.88492e-05
5.92171e-05 0.000118435 -1.98231e-28 -2.99994e-13 1.88492e-05
5.92171e-05 0.000118435 -2.05209e-28 -2.99994e-13 1.88492e-05
5.92171e-05 0.000118435 -1.99729e-28 -2.99994e-13 1.88492e-05
5.92171e-05 0.000118435 -1.82213e-28 -2.99994e-13 1.88492e-05
5.92171e-05 0.000118435 -1.736e-28 -2.99994e-13 1.88492e-05
5.92171e-05 0.000118435 -1.78683e-28 -2.99994e-13 1.88492e-05
5.92171e-05 0.000118435 -1.78317e-28 -2.99994e-13 1.88492e-05
5.92171e-05 0.000118435 -1.65456e-28 -2.99994e-13 1.88492e-05
5.92171e-05 0.000118435 -1.86495e-28 -2.99994e-13 1.88492e-05
5.92171e-05 0.000118435 -1.91021e-28 -2.99994e-13 1.88492e-05
5.92171e-05 0.000118435 -1.94035e-28 -2.99994e-13 1.88492e-05
5.92171e-05 0.000118435 -1.9012e-28 -2.99994e-13 1.88492e-05
5.92171e-05 0.000118435 -1.8149e-28 -2.99994e-13 1.88492e-05
5.92171e-05 0.000118435 -2.0092e-28 -2.99994e-13 1.88492e-05
5.92171e-05 0.000118435 -1.81909e-28 -2.99994e-13 1.88492e-05
5.92171e-05 0.000118435 -1.79391e-28 -2.99994e-13 1.88492e-05
5.92171e-05 0.000118435 -1.861e-28 -2.99994e-13 1.88492e-05
5.92171e-05 0.000118435 -1.79359e-28 -2.99994e-13 1.88492e-05
5.9217e-05 0.000118435 -1.91864e-28 -2.99994e-13 1.88492e-05
5.9217e-05 0.000118435 -1.90817e-28 -2.99994e-13 1.88492e-05
5.9217e-05 0.000118435 -1.71124e-28 -2.99994e-13 1.88492e-05
5.9217e-05 0.000118435 -1.85005e-28 -2.99994e-13 1.88492e-05
5.9217e-05 0.000118435 -1.69066e-28 -2.99994e-13 1.88492e-05
5.9217e-05 0.000118435 -1.6395e-28 -2.99994e-13 1.88492e-05
5.9217e-05 0.000118435 -1.56676e-28 -2.99994e-13 1.88492e-05
5.9217e-05 0.000118435 -1.45046e-28 -2.99994e-13 1.88492e-05
5.9217e-05 0.000118435 -1.45957e-28 -2.99994e-13 1.88492e-05
5.9217e-05 0.000118435 -1.49514e-28 -2.99994e-13 1.88492e-05
5.9217e-05 0.000118435 -1.52013e-28 -2.99994e-13 1.88492e-05
5.9217e-05 0.000118435 -1.45819e-28 -2.99994e-13 1.88492e-05
5.9217e-05 0.000118435 -1.59747e-28 -2.99994e-13 1.88492e-05
5.9217e-05 0.000118435 -1.4479e-28 -2.99994e-13 1.88492e-05
5.9217e-05 0.000118435 -1.34145e-28 -2.99994e-13 1.88492e-05
5.9217e-05 0.000118435 -1.6038e-28 -2.99994e-13 1.88492e-05
5.9217e-05 0.000118435 -1.48983e-28 -2.99994e-13 1.88492e-05
5.9217e-05 0.000118435 -1.3895e-28 -2.99994e-13 1.88492e-05
5.9217e-05 0.000118435 -1.46856e-28 -2.99994e-13 1.88492e-05
5.9217e-05 0.000118435 -1.39573e-28 -2.99994e-13 1.88492e-05
5.9217e-05 0.000118435 -1.35498e-28 -2.99994e-13 1.88492e-05
5.92169e-05 0.000118435 -1.39874e-28 -2.99994e-13 1.88492e-05
5.92169e-05 0.000118435 -1.34152e-28 -2.99994e-13 1.88492e-05
5.92169e-05 0.000118435 -1.35696e-28 -2.99994e-13 1.88492e-05
5.92169e-05 0.000118435 -1.36479e-28 -2.99994e-13 1.88492e-05
5.92169e-05 0.000118435 -1.3097e-28 -2.99994e-13 1.88492e-05
5.92169e-05 0.000118435 -1.27411e-28 -2.99994e-13 1.88492e-05
5.92169e-05 0.000118435 -1.26705e-28 -2.99994e-13 1.88492e-05
5.92169e-05 0.000118435 -1.35588e-28 -2.99994e-13 1.88492e-05
5.92169e-05 0.000118435 -1.32646e-28 -2.99994e-13 1.88492e-05
5.92169e-05 0.000118435 -1.29838e-28 -2.99994e-13 1.88492e-05
5.92169e-05 0.000118435 -1.27352e-28 -2.99994e-13 1.88492e-05
5.92169e-05 0.000118435 -1.3861e-28 -2.99994e-13 1.88492e-05
5.92169e-05 0.000118435 -1.34766e-28 -2.99994e-13 1.88492e-05
5.92169e-05 0.000118435 -1.32213e-28 -2.99994e-13 1.88492e-05
5.92169e-05 0.000118434 -1.33727e-28 -2.99994e-13 1.88492e-05
5.92169e-05 0.000118434 -1.29942e-28 -2.99994e-13 1.88492e-05
5.92169e-05 0.000118434 -1.31637e-28 -2.99994e-13 1.88492e-05
5.92169e-05 0.000118434 -1.31518e-28 -2.99994e-13 1.88492e-05
5.92169e-05 0.000118434 -1.34842e-28 -2.99994e-13 1.88492e-05
5.92168e-05 0.000118434 -1.31405e-28 -2.99994e-13 1.88492e-05
5.92168e-05 0.000118434 -1.30457e-28 -2.99994e-13 1.88492e-05
5.92168e-05 0.000118434 -1.30944e-28 -2.99994e-13 1.88492e-05
5.92168e-05 0.000118434 -1.30331e-28 -2.99994e-13 1.88492e-05
5.92168e-05 0.000118434 -1.29395e-28 -2.99994e-13 1.88492e-05
5.92168e-05 0.000118434 -1.30585e-28 -2.99994e-13 1.88492e-05
5.92168e-05 0.000118434 -1.30113e-28 -2.99994e-13 1.88492e-05
5.92168e-05 0.000118434 -1.29776e-28 -2.99994e-13 1.88492e-05
5.92168e-05 0.000118434 -1.29652e-28 -2.99994e-13 1.88492e-05
5.92168e-05 0.000118434 -1.28505e-28 -2.99994e-13 1.88492e-05
5.92168e-05 0.000118434 -1.26841e-28 -2.99994e-13 1.88492e-05
5.92168e-05 0.000118434 -1.26166e-28 -2.99994e-13 1.88492e-05
5.92168e-05 0.000118434 -1.26778e-28 -2.99994e-13 1.88492e-05
5.92168e-05 0.000118434 -1.25716e-28 -2.99994e-13 1.88492e-05
5.92168e-05 0.000118434 -1.2873e-28 -2.99994e-13 1.88492e-05
5.92168e-05 0.000118434 -1.28766e-28 -2.99994e-13 1.88492e-05
5.92168e-05 0.000118434 -1.29156e-28 -2.99994e-13 1.88492e-05
5.92168e-05 0.000118434 -1.26258e-28 -2.99994e-13 1.88492e-05
5.92168e-05 0.000118434 -1.26994e-28 -2.99994e-13 1.88492e-05
5.92168e-05 0.000118434 -1.32676e-28 -2.99994e-13 1.88492e-05
5.92167e-05 0.000118434 -1.28297e-28 -2.99994e-13 1.88492e-05
5.92167e-05 0.000118434 -1.31462e-28 -2.99994e-13 1.88492e-05
5.92167e-05 0.000118434 -1.29561e-28 -2.99994e-13 1.88492e-05
5.92167e-05 0.000118434 -1.25159e-28 -2.99994e-13 1.88492e-05
5.92167e-05 0.000118434 -1.27746e-28 -2.99994e-13 1.88492e-05
5.92167e-05 0.000118434 -1.30093e-28 -2.99994e-13 1.88492e-05
5.92167e-05 0.000118434 -1.32216e-28 -2.99994e-13 1.88492e-05
5.92167e-05 0.000118434 -1.33885e-28 -2.99994e-13 1.88492e-05
5.92167e-05 0.000118434 -1.28687e-28 -2.99994e-13 1.88492e-05
5.92167e-05 0.000118434 -1.3641e-28 -2.99994e-13 1.88492e-05
5.92167e-05 0.000118434 -1.32177e-28 -2.99994e-13 1.88492e-05
5.92167e-05 0.000118434 -1.3529e-28 -2.99994e-13 1.88492e-05
5.92167e-05 0.000118434 -1.37954e-28 -2.99994e-13 1.88492e-05
5.92167e-05 0.000118434 -1.33555e-28 -2.99994e-13 1.88492e-05
5.92167e-05 0.000118434 -1.17421e-28 -2.99994e-13 1.88492e-05
5.92167e-05 0.000118434 -1.26044e-28 -2.99994e-13 1.88492e-05
5.92167e-05 0.000118434 -1.35513e-28 -2.99994e-13 1.88492e-05
5.92167e-05 0.000118434 -1.29818e-28 -2.99994e-13 1.88492e-05
5.92167e-05 0.000118434 -1.22715e-28 -2.99994e-13 1.88492e-05
5.92167e-05 0.000118434 -1.29098e-28 -2.99994e-13 1.88492e-05
5.92166e-05 0.000118434 -1.24942e-28 -2.99994e-13 1.88492e-05
5.92166e-05 0.000118434 -1.30115e-28 -2.99994e-13 1.88492e-05
5.92166e-05 0.000118434 -1.40706e-28 -2.99994e-13 1.88492e-05
5.92166e-05 0.000118434 -1.36577e-28 -2.99994e-13 1.88492e-05
5.92166e-05 0.000118434 -1.46779e-28 -2.99994e-13 1.88492e-05
5.92166e-05 0.000118434 -1.41132e-28 -2.99994e-13 1.88492e-05
5.92166e-05 0.000118434 -1.43231e-28 -2.99994e-13 1.88492e-05
5.92166e-05 0.000118434 -1.42315e-28 -2.99994e-13 1.88492e-05
5.92166e-05 0.000118434 -1.56157e-28 -2.99994e-13 1.88492e-05
5.92166e-05 0.000118434 -1.5793e-28 -2.99994e-13 1.88492e-05
5.92166e-05 0.000118434 -1.41207e-28 -2.99994e-13 1.88492e-05
5.92166e-05 0.000118434 -1.43597e-28 -2.99994e-13 1.88492e-05
5.92166e-05 0.000118434 -1.23345e-28 -2.99994e-13 1.88492e-05
5.92166e-05 0.000118434 -1.42694e-28 -2.99994e-13 1.88492e-05
5.92166e-05 0.000118434 -1.33065e-28 -2.99994e-13 1.88492e-05
5.92166e-05 0.000118434 -1.3716e-28 -2.99994e-13 1.88492e-05
5.92166e-05 0.000118434 -1.29204e-28 -2.99994e-13 1.88492e-05
5.92166e-05 0.000118434 -1.38572e-28 -2.99994e-13 1.88492e-05
5.92166e-05 0.000118434 -1.30078e-28 -2.99994e-13 1.88492e-05
5.92166e-05 0.000118434 -1.20315e-28 -2.99994e-13 1.88492e-05
5.92165e-05 0.000118434 -1.29458e-28 -2.99994e-13 1.88492e-05
5.92165e-05 0.000118434 -1.08665e-28 -2.99994e-13 1.88492e-05
5.92165e-05 0.000118434 -9.96027e-29 -2.99994e-13 1.88492e-05
5.92165e-05 0.000118434 -1.10065e-28 -2.99994e-13 1.88492e-05
5.92165e-05 0.000118434 -1.00529e-28 -2.99994e-13 1.88492e-05
5.92165e-05 0.000118434 -9.60906e-29 -2.99994e-13 1.88492e-05
5.92165e-05 0.000118434 -1.14999e-28 -2.99994e-13 1.88492e-05
5.92165e-05 0.000118434 -1.3223e-28 -2.99994e-13 1.88492e-05
5.92165e-05 0.000118434 -1.35214e-28 -2.99994e-13 1.88492e-05
5.92165e-05 0.000118434 -1.27428e-28 -2.99994e-13 1.88492e-05
5.92165e-05 0.000118434 -1.30304e-28 -2.99994e-13 1.88492e-05
5.92165e-05 0.000118434 -9.60573e-29 -2.99994e-13 1.88492e-05
5.92165e-05 0.000118434 -9.14354e-29 -2.99994e-13 1.88492e-05
5.92165e-05 0.000118434 -9.98921e-29 -2.99994e-13 1.88492e-05
5.92165e-05 0.000118434 -1.12231e-28 -2.99994e-13 1.88492e-05
5.92165e-05 0.000118434 -1.10225e-28 -2.99994e-13 1.88492e-05
5.92165e-05 0.000118434 -1.08649e-28 -2.99994e-13 1.88492e-05
5.92165e-05 0.000118434 -1.34472e-28 -2.99994e-13 1.88492e-05
5.92165e-05 0.000118434 -1.3397e-28 -2.99994e-13 1.88492e-05
5.92165e-05 0.000118434 -1.28738e-28 -2.99994e-13 1.88492e-05
5.92165e-05 0.000118434 -1.7665e-28 -2.99994e-13 1.88492e-05
5.92164e-05 0.000118434 -1.40578e-28 -2.99994e-13 1.88492e-05
5.92164e-05 0.000118434 -1.35625e-28 -2.99994e-13 1.88492e-05
5.92164e-05 0.000118434 -1.55891e-28 -2.99994e-13 1.88492e-05
5.92164e-05 0.000118434 -1.3326e-28 -2.99994e-13 1.88492e-05
5.92164e-05 0.000118434 -1.71358e-28 -2.99994e-13 1.88492e-05
5.92164e-05 0.000118434 -1.3823e-28 -2.99994e-13 1.88492e-05
5.92164e-05 0.000118434 -1.3574e-28 -2.99994e-13 1.88492e-05
5.92164e-05 0.000118434 -1.4724e-28 -2.99994e-13 1.88492e-05
5.92164e-05 0.000118434 -1.70076e-28 -2.99994e-13 1.88492e-05
5.92164e-05 0.000118434 -1.72521e-28 -2.99994e-13 1.88492e-05
5.92164e-05 0.000118434 -1.67986e-28 -2.99994e-13 1.88492e-05
5.92164e-05 0.000118434 -1.44794e-28 -2.99994e-13 1.88492e-05
5.92164e-05 0.000118434 -1.68266e-28 -2.99994e-13 1.88492e-05
5.92164e-05 0.000118434 -1.63742e-28 -2.99994e-13 1.88492e-05
5.92164e-05 0.000118434 -1.88871e-28 -2.99994e-13 1.88492e-05
5.92164e-05 0.000118434 -1.58142e-28 -2.99994e-13 1.88492e-05
5.92164e-05 0.000118434 -1.59633e-28 -2.99994e-13 1.88492e-05
5.92164e-05 0.000118434 -1.74562e-28 -2.99994e-13 1.88492e-05
5.92164e-05 0.000118434 -1.88734e-28 -2.99994e-13 1.88492e-05
5.92164e-05 0.000118434 -1.33976e-28 -2.99994e-13 1.88492e-05
5.92164e-05 0.000118434 -1.58293e-28 -2.99994e-13 1.88492e-05
5.92164e-05 0.000118434 -1.58776e-28 -2.99994e-13 1.88492e-05
5.92164e-05 0.000118434 -1.84763e-28 -2.99994e-13 1.88492e-05
5.92163e-05 0.000118434 -1.77729e-28 -2.99994e-13 1.88492e-05
5.92163e-05 0.000118434 -1.70836e-28 -2.99994e-13 1.88492e-05
5.92163e-05 0.000118434 -1.72482e-28 -2.99994e-13 1.88492e-05
5.92163e-05 0.000118434 -1.90242e-28 -2.99994e-13 1.88492e-05
5.92163e-05 0.000118434 -1.5162e-28 -2.99994e-13 1.88492e-05
5.92163e-05 0.000118434 -1.48624e-28 -2.99994e-13 1.88492e-05
5.92163e-05 0.000118434 -2.00267e-28 -2.99994e-13 1.88492e-05
5.92163e-05 0.000118434 -1.99159e-28 -2.99994e-13 1.88492e-05
5.92163e-05 0.000118434 -1.98914e-28 -2.99994e-13 1.88492e-05
5.92163e-05 0.000118434 -2.0672e-28 -2.99994e-13 1.88492e-05
5.92163e-05 0.000118434 -2.19134e-28 -2.99994e-13 1.88492e-05
5.92163e-05 0.000118434 -2.3445e-28 -2.99994e-13 1.88492e-05
5.92163e-05 0.000118434 -2.32286e-28 -2.99994e-13 1.88492e-05
5.92163e-05 0.000118434 -2.33795e-28 -2.99994e-13 1.88492e-05
5.92163e-05 0.000118434 -2.46506e-28 -2.99994e-13 1.88492e-05
5.92163e-05 0.000118434 -2.36037e-28 -2.99994e-13 1.88492e-05
5.92163e-05 0.000118434 -2.44865e-28 -2.99994e-13 1.88492e-05
5.92163e-05 0.000118434 -2.51727e-28 -2.99994e-13 1.88492e-05
5.92163e-05 0.000118434 -2.12294e-28 -2.99994e-13 1.88492e-05
5.92163e-05 0.000118434 -2.60796e-28 -2.99994e-13 1.88492e-05
5.92163e-05 0.000118434 -2.56936e-28 -2.99994e-13 1.88492e-05
5.92163e-05 0.000118434 -2.14077e-28 -2.99994e-13 1.88492e-05
5.92163e-05 0.000118434 -2.42791e-28 -2.99994e-13 1.88492e-05
5.92163e-05 0.000118434 -2.2736e-28 -2.99994e-13 1.88492e-05
5.92163e-05 0.000118434 -2.24985e-28 -2.99994e-13 1.88492e-05
5.92162e-05 0.000118434 -2.25309e-28 -2.99994e-13 1.88492e-05
5.92162e-05 0.000118434 -2.40482e-28 -2.99994e-13 1.88492e-05
5.92162e-05 0.000118434 -2.57572e-28 -2.99994e-13 1.88492e-05
5.92162e-05 0.000118434 -2.77257e-28 -2.99994e-13 1.88492e-05
5.92162e-05 0.000118434 -2.38838e-28 -2.99994e-13 1.88492e-05
5.92162e-05 0.000118434 -2.55364e-28 -2.99994e-13 1.88492e-05
5.92162e-05 0.000118434 -2.17845e-28 -2.99994e-13 1.88492e-05
5.92162e-05 0.000118434 -2.51194e-28 -2.99994e-13 1.88492e-05
5.92162e-05 0.000118434 -2.65417e-28 -2.99994e-13 1.88492e-05
5.92162e-05 0.000118434 -2.46152e-28 -2.99994e-13 1.88492e-05
5.92162e-05 0.000118434 -2.57594e-28 -2.99994e-13 1.88492e-05
5.92162e-05 0.000118434 -2.78991e-28 -2.99994e-13 1.88492e-05
5.92162e-05 0.000118434 -2.74263e-28 -2.99994e-13 1.88492e-05
5.92162e-05 0.000118434 -2.96378e-28 -2.99994e-13 1.88492e-05
5.92162e-05 0.000118434 -2.7885e-28 -2.99994e-13 1.88492e-05
5.92162e-05 0.000118434 -2.36312e-28 -2.99994e-13 1.88492e-05
5.92162e-05 0.000118434 -2.73975e-28 -2.99994e-13 1.88492e-05
5.92162e-05 0.000118434 -2.6591e-28 -2.99994e-13 1.88492e-05
5.92162e-05 0.000118434 -2.57013e-28 -2.99994e-13 1.88492e-05
5.92162e-05 0.000118434 -2.29362e-28 -2.99994e-13 1.88492e-05
5.92162e-05 0.000118434 -2.29438e-28 -2.99994e-13 1.88492e-05
5.92162e-05 0.000118434 -2.27017e-28 -2.99994e-13 1.88492e-05
5.92162e-05 0.000118434 -1.9158e-28 -2.99994e-13 1.88492e-05
5.92162e-05 0.000118434 -1.56703e-28 -2.99994e-13 1.88492e-05
5.92162e-05 0.000118434 -1.97835e-28 -2.99994e-13 1.88492e-05
5.92162e-05 0.000118434 -1.79804e-28 -2.99994e-13 1.88492e-05
5.92162e-05 0.000118434 -1.92449e-28 -2.99994e-13 1.88492e-05
5.92162e-05 0.000118434 -1.6489e-28 -2.99994e-13 1.88492e-05
5.92162e-05 0.000118434 -1.2085e-28 -2.99994e-13 1.88492e-05
5.92162e-05 0.000118434 -1.31253e-28 -2.99994e-13 1.88492e-05
5.92161e-05 0.000118434 -1.36704e-28 -2.99994e-13 1.88492e-05
5.92161e-05 0.000118434 -1.37103e-28 -2.99994e-13 1.88492e-05
5.92161e-05 0.000118434 -1.14906e-28 -2.99994e-13 1.88492e-05
5.92161e-05 0.000118434 -1.41299e-28 -2.99994e-13 1.88492e-05
5.92161e-05 0.000118434 -1.22751e-28 -2.99994e-13 1.88492e-05
5.92161e-05 0.000118434 -1.40051e-28 -2.99994e-13 1.88492e-05
5.92161e-05 0.000118434 -1.08084e-28 -2.99994e-13 1.88492e-05
5.92161e-05 0.000118434 -1.42697e-28 -2.99994e-13 1.88492e-05
5.92161e-05 0.000118434 -9.7928e-29 -2.99994e-13 1.88492e-05
5.92161e-05 0.000118434 -1.09117e-28 -2.99994e-13 1.88492e-05
5.92161e-05 0.000118434 -1.36683e-28 -2.99994e-13 1.88492e-05
5.92161e-05 0.000118434 -1.35374e-28 -2.99994e-13 1.88492e-05
5.92161e-05 0.000118434 -1.14128e-28 -2.99994e-13 1.88492e-05
5.92161e-05 0.000118434 -1.36253e-28 -2.99994e-13 1.88492e-05
5.92161e-05 0.000118434 -1.20685e-28 -2.99994e-13 1.88492e-05
5.92161e-05 0.000118434 -1.40338e-28 -2.99994e-13 1.88492e-05
5.92161e-05 0.000118434 -1.23737e-28 -2.99994e-13 1.88492e-05
5.92161e-05 0.000118434 -1.08063e-28 -2.99994e-13 1.88492e-05
5.92161e-05 0.000118434 -1.3099e-28 -2.99994e-13 1.88492e-05
5.92161e-05 0.000118434 -1.57259e-28 -2.99994e-13 1.88492e-05
5.92161e-05 0.000118434 -1.2824e-28 -2.99994e-13 1.88492e-05
5.92161e-05 0.000118434 -1.44638e-28 -2.99994e-13 1.88492e-05
5.92161e-05 0.000118434 -1.31893e-28 -2.99994e-13 1.88492e-05
5.92161e-05 0.000118434 -1.32822e-28 -2.99994e-13 1.88492e-05
5.92161e-05 0.000118434 -1.73296e-28 -2.99994e-13 1.88492e-05
5.92161e-05 0.000118434 -1.79851e-28 -2.99994e-13 1.88492e-05
5.92161e-05 0.000118434 -1.72846e-28 -2.99994e-13 1.88492e-05
5.92161e-05 0.000118434 -1.95178e-28 -2.99994e-13 1.88492e-05
5.92161e-05 0.000118434 -1.96601e-28 -2.99994e-13 1.88492e-05
5.92161e-05 0.000118434 -1.84083e-28 -2.99994e-13 1.88492e-05
5.92161e-05 0.000118434 -1.92816e-28 -2.99994e-13 1.88492e-05
5.92161e-05 0.000118434 -2.04451e-28 -2.99994e-13 1.88492e-05
5.92161e-05 0.000118434 -1.83721e-28 -2.99994e-13 1.88492e-05
5.92161e-05 0.000118434 -1.90072e-28 -2.99994e-13 1.88492e-05
5.92161e-05 0.000118434 -1.82809e-28 -2.99994e-13 1.88492e-05
5.92161e-05 0.000118434 -1.65185e-28 -2.99994e-13 1.88492e-05
5.92161e-05 0.000118434 -1.85555e-28 -2.99994e-13 1.88492e-05
5.92161e-05 0.000118434 -1.79937e-28 -2.99994e-13 1.88492e-05
5.92161e-05 0.000118434 -1.63701e-28 -2.99994e-13 1.88492e-05
5.92161e-05 0.000118434 -1.59611e-28 -2.99994e-13 1.88492e-05
5.92161e-05 0.000118434 -1.62104e-28 -2.99994e-13 1.88492e-05
5.92161e-05 0.000118434 -1.58051e-28 -2.99994e-13 1.88492e-05
5.9216e-05 0.000118434 -1.69257e-28 -2.99994e-13 1.88492e-05
5.9216e-05 0.000118434 -1.52676e-28 -2.99994e-13 1.88492e-05
5.9216e-05 0.000118434 -1.49264e-28 -2.99994e-13 1.88492e-05
5.9216e-05 0.000118434 -1.57897e-28 -2.99994e-13 1.88492e-05
5.9216e-05 0.000118434 -1.5613e-28 -2.99994e-13 1.88492e-05
5.9216e-05 0.000118434 -1.64813e-28 -2.99994e-13 1.88492e-05
5.9216e-05 0.000118434 -1.73486e-28 -2.99994e-13 1.88492e-05
5.9216e-05 0.000118434 -1.71839e-28 -2.99994e-13 1.88492e-05
5.9216e-05 0.000118434 -1.87023e-28 -2.99994e-13 1.88492e-05
5.9216e-05 0.000118434 -1.56028e-28 -2.99994e-13 1.88492e-05
5.9216e-05 0.000118434 -1.64718e-28 -2.99994e-13 1.88492e-05
5.9216e-05 0.000118434 -1.58284e-28 -2.99994e-13 1.88492e-05
5.9216e-05 0.000118434 -1.72302e-28 -2.99994e-13 1.88492e-05
5.9216e-05 0.000118434 -1.77733e-28 -2.99994e-13 1.88492e-05
5.9216e-05 0.000118434 -1.80185e-28 -2.99994e-13 1.88492e-05
5.9216e-05 0.000118434 -1.60257e-28 -2.99994e-13 1.88492e-05
5.9216e-05 0.000118434 -1.46025e-28 -2.99994e-13 1.88492e-05
5.9216e-05 0.000118434 -1.50504e-28 -2.99994e-13 1.88492e-05
5.9216e-05 0.000118434 -1.41737e-28 -2.99994e-13 1.88492e-05
5.9216e-05 0.000118434 -1.40969e-28 -2.99994e-13 1.88492e-05
5.9216e-05 0.000118434 -1.47717e-28 -2.99994e-13 1.88492e-05
5.9216e-05 0.000118434 -1.57907e-28 -2.99994e-13 1.88492e-05
5.9216e-05 0.000118434 -1.55062e-28 -2.99994e-13 1.88492e-05
5.9216e-05 0.000118434 -1.63327e-28 -2.99994e-13 1.88492e-05
5.9216e-05 0.000118434 -1.61425e-28 -2.99994e-13 1.88492e-05
5.9216e-05 0.000118434 -1.66506e-28 -2.99994e-13 1.88492e-05
5.9216e-05 0.000118434 -1.55197e-28 -2.99994e-13 1.88492e-05
5.9216e-05 0.000118434 -1.54327e-28 -2.99994e-13 1.88492e-05
5.9216e-05 0.000118434 -1.56795e-28 -2.99994e-13 1.88492e-05
5.9216e-05 0.000118434 -1.61774e-28 -2.99994e-13 1.88492e-05
5.9216e-05 0.000118434 -1.64024e-28 -2.99994e-13 1.88492e-05
5.9216e-05 0.000118434 -1.51738e-28 -2.99994e-13 1.88492e-05
5.9216e-05 0.000118434 -1.63575e-28 -2.99994e-13 1.88492e-05
5.9216e-05 0.000118434 -1.62285e-28 -2.99994e-13 1.88492e-05
5.9216e-05 0.000118434 -1.62213e-28 -2.99994e-13 1.88492e-05
5.9216e-05 0.000118434 -1.62136e-28 -2.99994e-13 1.88492e-05
5.9216e-05 0.000118434 -1.65511e-28 -2.99994e-13 1.88492e-05
5.9216e-05 0.000118434 -1.62321e-28 -2.99994e-13 1.88492e-05
5.9216e-05 0.000118434 -1.74693e-28 -2.99994e-13 1.88492e-05
5.9216e-05 0.000118434 -1.77684e-28 -2.99994e-13 1.88492e-05
5.9216e-05 0.000118434 -1.7191e-28 -2.99994e-13 1.88492e-05
5.9216e-05 0.000118434 -1.6796e-28 -2.99994e-13 1.88492e-05
5.9216e-05 0.000118434 -1.64399e-28 -2.99994e-13 1.88492e-05
5.9216e-05 0.000118434 -1.67291e-28 -2.99994e-13 1.88492e-05
5.9216e-05 0.000118434 -1.68802e-28 -2.99994e-13 1.88492e-05
5.9216e-05 0.000118434 -1.69224e-28 -2.99994e-13 1.88492e-05
5.9216e-05 0.000118434 -1.65834e-28 -2.99994e-13 1.88492e-05
5.9216e-05 0.000118434 -1.68004e-28 -2.99994e-13 1.88492e-05
5.9216e-05 0.000118434 -1.67786e-28 -2.99994e-13 1.88492e-05
5.9216e-05 0.000118434 -1.64671e-28 -2.99994e-13 1.88492e-05
5.9216e-05 0.000118434 -1.64013e-28 -2.99994e-13 1.88492e-05
5.9216e-05 0.000118434 -1.63186e-28 -2.99994e-13 1.88492e-05
5.9216e-05 0.000118434 -1.62446e-28 -2.99994e-13 1.88492e-05
5.9216e-05 0.000118434 -1.6213e-28 -2.99994e-13 1.88492e-05
5.9216e-05 0.000118434 -1.63028e-28 -2.99994e-13 1.88492e-05
5.9216e-05 0.000118434 -1.62884e-28 -2.99994e-13 1.88492e-05
5.9216e-05 0.000118434 -1.63002e-28 -2.99994e-13 1.88492e-05
5.9216e-05 0.000118434 -1.63198e-28 -2.99994e-13 1.88492e-05
5.9216e-05 0.000118434 -1.65187e-28 -2.99994e-13 1.88492e-05
5.9216e-05 0.000118434 -1.63861e-28 -2.99994e-13 1.88492e-05
5.9216e-05 0.000118434 -1.62961e-28 -2.99994e-13 1.88492e-05
5.9216e-05 0.000118434 -1.62772e-28 -2.99994e-13 1.88492e-05
5.9216e-05 0.000118434 -1.6536e-28 -2.99994e-13 1.88492e-05
5.9216e-05 0.000118434 -1.62055e-28 -2.99994e-13 1.88492e-05
5.9216e-05 0.000118434 -1.63446e-28 -2.99994e-13 1.88492e-05
5.9216e-05 0.000118434 -1.58441e-28 -2.99994e-13 1.88492e-05
5.9216e-05 0.000118434 -1.63653e-28 -2.99994e-13 1.88492e-05
5.9216e-05 0.000118434 -1.5785e-28 -2.99994e-13 1.88492e-05
5.9216e-05 0.000118434 -1.60138e-28 -2.99994e-13 1.88492e-05
5.9216e-05 0.000118434 -1.60485e-28 -2.99994e-13 1.88492e-05
5.9216e-05 0.000118434 -1.65456e-28 -2.99994e-13 1.88492e-05
5.9216e-05 0.000118434 -1.63802e-28 -2.99994e-13 1.88492e-05
5.9216e-05 0.000118434 -1.57189e-28 -2.99994e-13 1.88492e-05
5.9216e-05 0.000118434 -1.60545e-28 -2.99994e-13 1.88492e-05
5.9216e-05 0.000118434 -1.65393e-28 -2.99994e-13 1.88492e-05
5.9216e-05 0.000118434 -1.70519e-28 -2.99994e-13 1.88492e-05
5.9216e-05 0.000118434 -1.58316e-28 -2.99994e-13 1.88492e-05
5.9216e-05 0.000118434 -1.64027e-28 -2.99994e-13 1.88492e-05
5.9216e-05 0.000118434 -1.58835e-28 -2.99994e-13 1.88492e-05
5.9216e-05 0.000118434 -1.60733e-28 -2.99994e-13 1.88492e-05
5.9216e-05 0.000118434 -1.48948e-28 -2.99994e-13 1.88492e-05
5.9216e-05 0.000118434 -1.63183e-28 -2.99994e-13 1.88492e-05
5.9216e-05 0.000118434 -1.62399e-28 -2.99994e-13 1.88492e-05
5.9216e-05 0.000118434 -1.71962e-28 -2.99994e-13 1.88492e-05
5.9216e-05 0.000118434 -1.73103e-28 -2.99994e-13 1.88492e-05
5.9216e-05 0.000118434 -1.68635e-28 -2.99994e-13 1.88492e-05
5.9216e-05 0.000118434 -1.69069e-28 -2.99994e-13 1.88492e-05
5.9216e-05 0.000118434 -1.5601e-28 -2.99994e-13 1.88492e-05
5.9216e-05 0.000118434 -1.55408e-28 -2.99994e-13 1.88492e-05
5.9216e-05 0.000118434 -1.55456e-28 -2.99994e-13 1.88492e-05
5.9216e-05 0.000118434 -1.55787e-28 -2.99994e-13 1.88492e-05
5.9216e-05 0.000118434 -1.50658e-28 -2.99994e-13 1.88492e-05
5.9216e-05 0.000118434 -1.52602e-28 -2.99994e-13 1.88492e-05
5.9216e-05 0.000118434 -1.49488e-28 -2.99994e-13 1.88492e-05
5.9216e-05 0.000118434 -1.42794e-28 -2.99994e-13 1.88492e-05
5.9216e-05 0.000118434 -1.40039e-28 -2.99994e-13 1.88492e-05
5.9216e-05 0.000118434 -1.4906e-28 -2.99994e-13 1.88492e-05
5.9216e-05 0.000118434 -1.30867e-28 -2.99994e-13 1.88492e-05
5.9216e-05 0.000118434 -1.29276e-28 -2.99994e-13 1.88492e-05
5.9216e-05 0.000118434 -1.41322e-28 -2.99994e-13 1.88492e-05
5.9216e-05 0.000118434 -1.43366e-28 -2.99994e-13 1.88492e-05
5.9216e-05 0.000118434 -1.41315e-28 -2.99994e-13 1.88492e-05
5.9216e-05 0.000118434 -1.36743e-28 -2.99994e-13 1.88492e-05
5.9216e-05 0.000118434 -1.31438e-28 -2.99994e-13 1.88492e-05
5.9216e-05 0.000118434 -1.13622e-28 -2.99994e-13 1.88492e-05
5.9216e-05 0.000118434 -1.27852e-28 -2.99994e-13 1.88492e-05
5.9216e-05 0.000118434 -1.13995e-28 -2.99994e-13 1.88492e-05
5.9216e-05 0.000118434 -1.24255e-28 -2.99994e-13 1.88492e-05
5.9216e-05 0.000118434 -1.09175e-28 -2.99994e-13 1.88492e-05
5.9216e-05 0.000118434 -9.95168e-29 -2.99994e-13 1.88492e-05
5.9216e-05 0.000118434 -1.08473e-28 -2.99994e-13 1.88492e-05
5.9216e-05 0.000118434 -1.02021e-28 -2.99994e-13 1.88492e-05
5.9216e-05 0.000118434 -1.04511e-28 -2.99994e-13 1.88492e-05
5.92161e-05 0.000118434 -9.62826e-29 -2.99994e-13 1.88492e-05
5.92161e-05 0.000118434 -9.7823e-29 -2.99994e-13 1.88492e-05
5.92161e-05 0.000118434 -8.9988e-29 -2.99994e-13 1.88492e-05
5.92161e-05 0.000118434 -8.31868e-29 -2.99994e-13 1.88492e-05
5.92161e-05 0.000118434 -9.97319e-29 -2.99994e-13 1.88492e-05
5.92161e-05 0.000118434 -8.87505e-29 -2.99994e-13 1.88492e-05
5.92161e-05 0.000118434 -8.82367e-29 -2.99994e-13 1.88492e-05
5.92161e-05 0.000118434 -9.24953e-29 -2.99994e-13 1.88492e-05
5.92161e-05 0.000118434 -9.18819e-29 -2.99994e-13 1.88492e-05
5.92161e-05 0.000118434 -1.15417e-28 -2.99994e-13 1.88492e-05
5.92161e-05 0.000118434 -9.80299e-29 -2.99994e-13 1.88492e-05
5.92161e-05 0.000118434 -1.35647e-28 -2.99994e-13 1.88492e-05
5.92161e-05 0.000118434 -1.10298e-28 -2.99994e-13 1.88492e-05
5.92161e-05 0.000118434 -1.2484e-28 -2.99994e-13 1.88492e-05
5.92161e-05 0.000118434 -1.386e-28 -2.99994e-13 1.88492e-05
5.92161e-05 0.000118434 -9.95418e-29 -2.99994e-13 1.88492e-05
5.92161e-05 0.000118434 -1.1103e-28 -2.99994e-13 1.88492e-05
5.92161e-05 0.000118434 -1.22329e-28 -2.99994e-13 1.88492e-05
5.92161e-05 0.000118434 -1.2061e-28 -2.99994e-13 1.88492e-05
5.92161e-05 0.000118434 -9.08004e-29 -2.99994e-13 1.88492e-05
5.92161e-05 0.000118434 -8.59381e-29 -2.99994e-13 1.88492e-05
5.92161e-05 0.000118434 -7.68326e-29 -2.99994e-13 1.88492e-05
5.92161e-05 0.000118434 -1.1271e-28 -2.99994e-13 1.88492e-05
5.92161e-05 0.000118434 -9.93057e-29 -2.99994e-13 1.88492e-05
5.92161e-05 0.000118434 -1.25636e-28 -2.99994e-13 1.88492e-05
5.92161e-05 0.000118434 -1.23832e-28 -2.99994e-13 1.88492e-05
5.92161e-05 0.000118434 -9.82052e-29 -2.99994e-13 1.88492e-05
5.92161e-05 0.000118434 -1.03155e-28 -2.99994e-13 1.88492e-05
5.92161e-05 0.000118434 -8.16197e-29 -2.99994e-13 1.88492e-05
5.92161e-05 0.000118434 -1.31009e-28 -2.99994e-13 1.88492e-05
5.92161e-05 0.000118434 -1.19301e-28 -2.99994e-13 1.88492e-05
5.92161e-05 0.000118434 -1.4954e-28 -2.99994e-13 1.88492e-05
5.92161e-05 0.000118434 -1.22087e-28 -2.99994e-13 1.88492e-05
5.92161e-05 0.000118434 -1.24239e-28 -2.99994e-13 1.88492e-05
5.92161e-05 0.000118434 -1.02935e-28 -2.99994e-13 1.88492e-05
5.92161e-05 0.000118434 -1.55429e-28 -2.99994e-13 1.88492e-05
5.92161e-05 0.000118434 -1.14817e-28 -2.99994e-13 1.88492e-05
5.92161e-05 0.000118434 -1.70269e-28 -2.99994e-13 1.88492e-05
5.92161e-05 0.000118434 -1.4075e-28 -2.99994e-13 1.88492e-05
5.92161e-05 0.000118434 -1.06073e-28 -2.99994e-13 1.88492e-05
5.92161e-05 0.000118434 -1.11396e-28 -2.99994e-13 1.88492e-05
5.92161e-05 0.000118434 -1.20088e-28 -2.99994e-13 1.88492e-05
5.92162e-05 0.000118434 -1.15487e-28 -2.99994e-13 1.88492e-05
5.92162e-05 0.000118434 -1.1414e-28 -2.99994e-13 1.88492e-05
5.92162e-05 0.000118434 -1.43019e-28 -2.99994e-13 1.88492e-05
5.92162e-05 0.000118434 -1.00346e-28 -2.99994e-13 1.88492e-05
5.92162e-05 0.000118434 -1.53659e-28 -2.99994e-13 1.88492e-05
5.92162e-05 0.000118434 -1.3161e-28 -2.99994e-13 1.88492e-05
5.92162e-05 0.000118434 -1.51706e-28 -2.99994e-13 1.88492e-05
5.92162e-05 0.000118434 -1.49469e-28 -2.99994e-13 1.88492e-05
5.92162e-05 0.000118434 -1.77457e-28 -2.99994e-13 1.88492e-05
5.92162e-05 0.000118434 -1.65151e-28 -2.99994e-13 1.88492e-05
5.92162e-05 0.000118434 -2.04429e-28 -2.99994e-13 1.88492e-05
5.92162e-05 0.000118434 -1.4733e-28 -2.99994e-13 1.88492e-05
5.92162e-05 0.000118434 -1.51654e-28 -2.99994e-13 1.88492e-05
5.92162e-05 0.000118434 -1.76569e-28 -2.99994e-13 1.88492e-05
5.92162e-05 0.000118434 -1.81811e-28 -2.99994e-13 1.88492e-05
5.92162e-05 0.000118434 -1.61647e-28 -2.99994e-13 1.88492e-05
5.92162e-05 0.000118434 -1.42485e-28 -2.99994e-13 1.88492e-05
5.92162e-05 0.000118434 -1.8822e-28 -2.99994e-13 1.88492e-05
5.92162e-05 0.000118434 -1.89119e-28 -2.99994e-13 1.88492e-05
5.92162e-05 0.000118434 -1.80674e-28 -2.99994e-13 1.88492e-05
5.92162e-05 0.000118434 -1.89072e-28 -2.99994e-13 1.88492e-05
5.92162e-05 0.000118434 -1.86517e-28 -2.99994e-13 1.88492e-05
5.92162e-05 0.000118434 -1.7073e-28 -2.99994e-13 1.88492e-05
5.92162e-05 0.000118434 -1.81514e-28 -2.99994e-13 1.88492e-05
5.92162e-05 0.000118434 -2.02307e-28 -2.99994e-13 1.88492e-05
5.92162e-05 0.000118434 -2.18294e-28 -2.99994e-13 1.88492e-05
5.92162e-05 0.000118434 -1.92693e-28 -2.99994e-13 1.88492e-05
5.92162e-05 0.000118434 -2.02544e-28 -2.99994e-13 1.88492e-05
5.92162e-05 0.000118434 -1.73722e-28 -2.99994e-13 1.88492e-05
5.92162e-05 0.000118434 -2.0223e-28 -2.99994e-13 1.88492e-05
5.92163e-05 0.000118434 -1.87026e-28 -2.99994e-13 1.88492e-05
5.92163e-05 0.000118434 -1.5247e-28 -2.99994e-13 1.88492e-05
5.92163e-05 0.000118434 -1.84528e-28 -2.99994e-13 1.88492e-05
5.92163e-05 0.000118434 -1.68261e-28 -2.99994e-13 1.88492e-05
5.92163e-05 0.000118434 -1.63467e-28 -2.99994e-13 1.88492e-05
5.92163e-05 0.000118434 -1.56031e-28 -2.99994e-13 1.88492e-05
5.92163e-05 0.000118434 -1.43447e-28 -2.99994e-13 1.88492e-05
5.92163e-05 0.000118434 -1.32334e-28 -2.99994e-13 1.88492e-05
5.92163e-05 0.000118434 -1.24341e-28 -2.99994e-13 1.88492e-05
5.92163e-05 0.000118434 -1.05175e-28 -2.99994e-13 1.88492e-05
5.92163e-05 0.000118434 -1.16807e-28 -2.99994e-13 1.88492e-05
5.92163e-05 0.000118434 -1.01144e-28 -2.99994e-13 1.88492e-05
5.92163e-05 0.000118434 -1.02156e-28 -2.99994e-13 1.88492e-05
5.92163e-05 0.000118434 -1.29223e-28 -2.99994e-13 1.88492e-05
5.92163e-05 0.000118434 -1.16492e-28 -2.99994e-13 1.88492e-05
5.92163e-05 0.000118434 -1.17332e-28 -2.99994e-13 1.88492e-05
5.92163e-05 0.000118434 -9.81606e-29 -2.99994e-13 1.88492e-05
5.92163e-05 0.000118434 -1.26185e-28 -2.99994e-13 1.88492e-05
5.92163e-05 0.000118434 -1.2322e-28 -2.99994e-13 1.88492e-05
5.92163e-05 0.000118434 -7.38577e-29 -2.99994e-13 1.88492e-05
5.92163e-05 0.000118434 -9.68584e-29 -2.99994e-13 1.88492e-05
5.92163e-05 0.000118434 -9.30619e-29 -2.99994e-13 1.88492e-05
5.92163e-05 0.000118434 -9.23427e-29 -2.99994e-13 1.88492e-05
5.92163e-05 0.000118434 -1.20229e-28 -2.99994e-13 1.88492e-05
5.92163e-05 0.000118434 -1.19436e-28 -2.99994e-13 1.88492e-05
5.92164e-05 0.000118434 -8.15538e-29 -2.99994e-13 1.88492e-05
5.92164e-05 0.000118434 -7.31911e-29 -2.99994e-13 1.88492e-05
5.92164e-05 0.000118434 -8.1402e-29 -2.99994e-13 1.88492e-05
5.92164e-05 0.000118434 -7.488e-29 -2.99994e-13 1.88492e-05
5.92164e-05 0.000118434 -7.28136e-29 -2.99994e-13 1.88492e-05
5.92164e-05 0.000118434 -8.86723e-29 -2.99994e-13 1.88492e-05
5.92164e-05 0.000118434 -8.87195e-29 -2.99994e-13 1.88492e-05
5.92164e-05 0.000118434 -7.87024e-29 -2.99994e-13 1.88492e-05
5.92164e-05 0.000118434 -8.424e-29 -2.99994e-13 1.88492e-05
5.92164e-05 0.000118434 -1.01473e-28 -2.99994e-13 1.88492e-05
5.92164e-05 0.000118434 -6.96045e-29 -2.99994e-13 1.88492e-05
5.92164e-05 0.000118434 -4.89889e-29 -2.99994e-13 1.88492e-05
5.92164e-05 0.000118434 -5.33198e-29 -2.99994e-13 1.88492e-05
5.92164e-05 0.000118434 -5.52602e-29 -2.99994e-13 1.88492e-05
5.92164e-05 0.000118434 -5.95451e-29 -2.99994e-13 1.88492e-05
5.92164e-05 0.000118434 -6.12911e-29 -2.99994e-13 1.88492e-05
5.92164e-05 0.000118434 -7.75978e-29 -2.99994e-13 1.88492e-05
5.92164e-05 0.000118434 -9.7739e-29 -2.99994e-13 1.88492e-05
5.92164e-05 0.000118434 -9.45458e-29 -2.99994e-13 1.88492e-05
5.92164e-05 0.000118434 -1.15889e-28 -2.99994e-13 1.88492e-05
5.92164e-05 0.000118434 -9.21115e-29 -2.99994e-13 1.88492e-05
5.92164e-05 0.000118434 -1.02178e-28 -2.99994e-13 1.88492e-05
5.92164e-05 0.000118434 -1.07859e-28 -2.99994e-13 1.88492e-05
5.92165e-05 0.000118434 -8.60033e-29 -2.99994e-13 1.88492e-05
5.92165e-05 0.000118434 -8.57054e-29 -2.99994e-13 1.88492e-05
5.92165e-05 0.000118434 -8.62306e-29 -2.99994e-13 1.88492e-05
5.92165e-05 0.000118434 -1.16944e-28 -2.99994e-13 1.88492e-05
5.92165e-05 0.000118434 -1.22289e-28 -2.99994e-13 1.88492e-05
5.92165e-05 0.000118434 -1.18417e-28 -2.99994e-13 1.88492e-05
5.92165e-05 0.000118434 -1.02e-28 -2.99994e-13 1.88492e-05
5.92165e-05 0.000118434 -1.16126e-28 -2.99994e-13 1.88492e-05
5.92165e-05 0.000118434 -9.61723e-29 -2.99994e-13 1.88492e-05
5.92165e-05 0.000118434 -1.06657e-28 -2.99994e-13 1.88492e-05
5.92165e-05 0.000118434 -1.32121e-28 -2.99994e-13 1.88492e-05
5.92165e-05 0.000118434 -1.3544e-28 -2.99994e-13 1.88492e-05
5.92165e-05 0.000118434 -1.27657e-28 -2.99994e-13 1.88492e-05
5.92165e-05 0.000118434 -1.16883e-28 -2.99994e-13 1.88492e-05
5.92165e-05 0.000118434 -1.16236e-28 -2.99994e-13 1.88492e-05
5.92165e-05 0.000118434 -1.0548e-28 -2.99994e-13 1.88492e-05
5.92165e-05 0.000118434 -1.01328e-28 -2.99994e-13 1.88492e-05
5.92165e-05 0.000118434 -1.03235e-28 -2.99994e-13 1.88492e-05
5.92165e-05 0.000118434 -1.14968e-28 -2.99994e-13 1.88492e-05
5.92165e-05 0.000118434 -1.21875e-28 -2.99994e-13 1.88492e-05
5.92165e-05 0.000118434 -1.42017e-28 -2.99994e-13 1.88492e-05
5.92166e-05 0.000118434 -1.44978e-28 -2.99994e-13 1.88492e-05
5.92166e-05 0.000118434 -1.32323e-28 -2.99994e-13 1.88492e-05
5.92166e-05 0.000118434 -1.45796e-28 -2.99994e-13 1.88492e-05
5.92166e-05 0.000118434 -1.48691e-28 -2.99994e-13 1.88492e-05
5.92166e-05 0.000118434 -1.43335e-28 -2.99994e-13 1.88492e-05
5.92166e-05 0.000118434 -1.74203e-28 -2.99994e-13 1.88492e-05
5.92166e-05 0.000118434 -1.69089e-28 -2.99994e-13 1.88492e-05
5.92166e-05 0.000118434 -1.68547e-28 -2.99994e-13 1.88492e-05
5.92166e-05 0.000118434 -1.64816e-28 -2.99994e-13 1.88492e-05
5.92166e-05 0.000118434 -1.53955e-28 -2.99994e-13 1.88492e-05
5.92166e-05 0.000118434 -1.56261e-28 -2.99994e-13 1.88492e-05
5.92166e-05 0.000118434 -1.53489e-28 -2.99994e-13 1.88492e-05
5.92166e-05 0.000118434 -1.51892e-28 -2.99994e-13 1.88492e-05
5.92166e-05 0.000118434 -1.63812e-28 -2.99994e-13 1.88492e-05
5.92166e-05 0.000118434 -1.64954e-28 -2.99994e-13 1.88492e-05
5.92166e-05 0.000118434 -1.64659e-28 -2.99994e-13 1.88492e-05
5.92166e-05 0.000118434 -1.85794e-28 -2.99994e-13 1.88492e-05
5.92166e-05 0.000118434 -1.58461e-28 -2.99994e-13 1.88492e-05
5.92166e-05 0.000118434 -1.70078e-28 -2.99994e-13 1.88492e-05
5.92166e-05 0.000118434 -1.81521e-28 -2.99994e-13 1.88492e-05
5.92167e-05 0.000118434 -1.70583e-28 -2.99994e-13 1.88492e-05
5.92167e-05 0.000118434 -1.73721e-28 -2.99994e-13 1.88492e-05
5.92167e-05 0.000118434 -1.7879e-28 -2.99994e-13 1.88492e-05
5.92167e-05 0.000118434 -1.8087e-28 -2.99994e-13 1.88492e-05
5.92167e-05 0.000118434 -1.76853e-28 -2.99994e-13 1.88492e-05
5.92167e-05 0.000118434 -1.80404e-28 -2.99994e-13 1.88492e-05
5.92167e-05 0.000118434 -1.89448e-28 -2.99994e-13 1.88492e-05
5.92167e-05 0.000118434 -1.99607e-28 -2.99994e-13 1.88492e-05
5.92167e-05 0.000118434 -1.85266e-28 -2.99994e-13 1.88492e-05
5.92167e-05 0.000118434 -1.90052e-28 -2.99994e-13 1.88492e-05
5.92167e-05 0.000118434 -1.97353e-28 -2.99994e-13 1.88492e-05
5.92167e-05 0.000118434 -1.95479e-28 -2.99994e-13 1.88492e-05
5.92167e-05 0.000118434 -1.94616e-28 -2.99994e-13 1.88492e-05
5.92167e-05 0.000118434 -1.95353e-28 -2.99994e-13 1.88492e-05
5.92167e-05 0.000118434 -1.90901e-28 -2.99994e-13 1.88492e-05
5.92167e-05 0.000118434 -1.89474e-28 -2.99994e-13 1.88492e-05
5.92167e-05 0.000118434 -1.88477e-28 -2.99994e-13 1.88492e-05
5.92167e-05 0.000118434 -1.97818e-28 -2.99994e-13 1.88492e-05
5.92167e-05 0.000118434 -1.9711e-28 -2.99994e-13 1.88492e-05
5.92167e-05 0.000118434 -2.00363e-28 -2.99994e-13 1.88492e-05
5.92168e-05 0.000118434 -2.03052e-28 -2.99994e-13 1.88492e-05
5.92168e-05 0.000118434 -2.0204e-28 -2.99994e-13 1.88492e-05
5.92168e-05 0.000118434 -2.0436e-28 -2.99994e-13 1.88492e-05
5.92168e-05 0.000118434 -2.07747e-28 -2.99994e-13 1.88492e-05
5.92168e-05 0.000118434 -2.03463e-28 -2.99994e-13 1.88492e-05
5.92168e-05 0.000118434 -2.07084e-28 -2.99994e-13 1.88492e-05
5.92168e-05 0.000118434 -2.07201e-28 -2.99994e-13 1.88492e-05
5.92168e-05 0.000118434 -2.06801e-28 -2.99994e-13 1.88492e-05
5.92168e-05 0.000118434 -2.05171e-28 -2.99994e-13 1.88492e-05
5.92168e-05 0.000118434 -2.06945e-28 -2.99994e-13 1.88492e-05
5.92168e-05 0.000118434 -2.06941e-28 -2.99994e-13 1.88492e-05
5.92168e-05 0.000118434 -2.0677e-28 -2.99994e-13 1.88492e-05
5.92168e-05 0.000118434 -2.06635e-28 -2.99994e-13 1.88492e-05
5.92168e-05 0.000118434 -2.07171e-28 -2.99994e-13 1.88492e-05
5.92168e-05 0.000118434 -2.06192e-28 -2.99994e-13 1.88492e-05
5.92168e-05 0.000118434 -2.06022e-28 -2.99994e-13 1.88492e-05
5.92168e-05 0.000118434 -2.07036e-28 -2.99994e-13 1.88492e-05
5.92168e-05 0.000118434 -2.05532e-28 -2.99994e-13 1.88492e-05
5.92168e-05 0.000118434 -2.03767e-28 -2.99994e-13 1.88492e-05
5.92168e-05 0.000118434 -2.04052e-28 -2.99994e-13 1.88492e-05
5.92169e-05 0.000118434 -2.03758e-28 -2.99994e-13 1.88492e-05
5.92169e-05 0.000118434 -2.06553e-28 -2.99994e-13 1.88492e-05
5.92169e-05 0.000118434 -2.05909e-28 -2.99994e-13 1.88492e-05
5.92169e-05 0.000118435 -2.05734e-28 -2.99994e-13 1.88492e-05
5.92169e-05 0.000118435 -2.0573e-28 -2.99994e-13 1.88492e-05
5.92169e-05 0.000118435 -2.01372e-28 -2.99994e-13 1.88492e-05
5.92169e-05 0.000118435 -1.97634e-28 -2.99994e-13 1.88492e-05
5.92169e-05 0.000118435 -1.90886e-28 -2.99994e-13 1.88492e-05
5.92169e-05 0.000118435 -1.97032e-28 -2.99994e-13 1.88492e-05
5.92169e-05 0.000118435 -1.87881e-28 -2.99994e-13 1.88492e-05
5.92169e-05 0.000118435 -1.8828e-28 -2.99994e-13 1.88492e-05
5.92169e-05 0.000118435 -2.00406e-28 -2.99994e-13 1.88492e-05
5.92169e-05 0.000118435 -1.98284e-28 -2.99994e-13 1.88492e-05
5.92169e-05 0.000118435 -1.93554e-28 -2.99994e-13 1.88492e-05
5.92169e-05 0.000118435 -1.95319e-28 -2.99994e-13 1.88492e-05
5.92169e-05 0.000118435 -1.97477e-28 -2.99994e-13 1.88492e-05
5.92169e-05 0.000118435 -1.92429e-28 -2.99994e-13 1.88492e-05
5.92169e-05 0.000118435 -1.88756e-28 -2.99994e-13 1.88492e-05
5.92169e-05 0.000118435 -1.96642e-28 -2.99994e-13 1.88492e-05
5.9217e-05 0.000118435 -1.9921e-28 -2.99994e-13 1.88492e-05
5.9217e-05 0.000118435 -1.9887e-28 -2.99994e-13 1.88492e-05
5.9217e-05 0.000118435 -1.99022e-28 -2.99994e-13 1.88492e-05
5.9217e-05 0.000118435 -2.02431e-28 -2.99994e-13 1.88492e-05
5.9217e-05 0.000118435 -2.08991e-28 -2.99994e-13 1.88492e-05
5.9217e-05 0.000118435 -2.05855e-28 -2.99994e-13 1.88492e-05
5.9217e-05 0.000118435 -2.18414e-28 -2.99994e-13 1.88492e-05
5.9217e-05 0.000118435 -2.21302e-28 -2.99994e-13 1.88492e-05
5.9217e-05 0.000118435 -2.29864e-28 -2.99994e-13 1.88492e-05
5.9217e-05 0.000118435 -2.12383e-28 -2.99994e-13 1.88492e-05
5.9217e-05 0.000118435 -2.24457e-28 -2.99994e-13 1.88492e-05
5.9217e-05 0.000118435 -2.06352e-28 -2.99994e-13 1.88492e-05
5.9217e-05 0.000118435 -2.09159e-28 -2.99994e-13 1.88492e-05
5.9217e-05 0.000118435 -2.09089e-28 -2.99994e-13 1.88492e-05
5.9217e-05 0.000118435 -2.27497e-28 -2.99994e-13 1.88492e-05
5.9217e-05 0.000118435 -2.43942e-28 -2.99994e-13 1.88492e-05
5.9217e-05 0.000118435 -2.41572e-28 -2.99994e-13 1.88492e-05
5.9217e-05 0.000118435 -2.26125e-28 -2.99994e-13 1.88492e-05
5.9217e-05 0.000118435 -2.14101e-28 -2.99994e-13 1.88492e-05
5.9217e-05 0.000118435 -2.42828e-28 -2.99994e-13 1.88492e-05
5.9217e-05 0.000118435 -2.3711e-28 -2.99994e-13 1.88492e-05
5.92171e-05 0.000118435 -2.50458e-28 -2.99994e-13 1.88492e-05
5.92171e-05 0.000118435 -2.47235e-28 -2.99994e-13 1.88492e-05
5.92171e-05 0.000118435 -2.24536e-28 -2.99994e-13 1.88492e-05
5.92171e-05 0.000118435 -2.5702e-28 -2.99994e-13 1.88492e-05
5.92171e-05 0.000118435 -2.40661e-28 -2.99994e-13 1.88492e-05
5.92171e-05 0.000118435 -2.23793e-28 -2.99994e-13 1.88492e-05
5.92171e-05 0.000118435 -2.56183e-28 -2.99994e-13 1.88492e-05
5.92171e-05 0.000118435 -2.47286e-28 -2.99994e-13 1.88492e-05
5.92171e-05 0.000118435 -2.44114e-28 -2.99994e-13 1.88492e-05
5.92171e-05 0.000118435 -2.31283e-28 -2.99994e-13 1.88492e-05
5.92171e-05 0.000118435 -2.42818e-28 -2.99994e-13 1.88492e-05
5.92171e-05 0.000118435 -2.29191e-28 -2.99994e-13 1.88492e-05
5.92171e-05 0.000118435 -2.1878e-28 -2.99994e-13 1.88492e-05
5.92171e-05 0.000118435 -2.36062e-28 -2.99994e-13 1.88492e-05
5.92171e-05 0.000118435 -2.341e-28 -2.99994e-13 1.88492e-05
5.92171e-05 0.000118435 -2.4373e-28 -2.99994e-13 1.88492e-05
5.92171e-05 0.000118435 -2.28363e-28 -2.99994e-13 1.88492e-05
5.92171e-05 0.000118435 -2.48756e-28 -2.99994e-13 1.88492e-05
5.92171e-05 0.000118435 -2.47758e-28 -2.99994e-13 1.88492e-05
5.92171e-05 0.000118435 -2.36474e-28 -2.99994e-13 1.88492e-05
5.92171e-05 0.000118435 -2.40589e-28 -2.99994e-13 1.88492e-05
5.92172e-05 0.000118435 -2.28043e-28 -2.99994e-13 1.88492e-05
5.92172e-05 0.000118435 -2.63249e-28 -2.99994e-13 1.88492e-05
5.92172e-05 0.000118435 -2.49098e-28 -2.99994e-13 1.88492e-05
5.92172e-05 0.000118435 -2.39695e-28 -2.99994e-13 1.88492e-05
5.92172e-05 0.000118435 -2.26991e-28 -2.99994e-13 1.88492e-05
5.92172e-05 0.000118435 -2.25343e-28 -2.99994e-13 1.88492e-05
5.92172e-05 0.000118435 -1.98822e-28 -2.99994e-13 1.88492e-05
5.92172e-05 0.000118435 -2.01256e-28 -2.99994e-13 1.88492e-05
5.92172e-05 0.000118435 -2.29673e-28 -2.99994e-13 1.88492e-05
5.92172e-05 0.000118435 -1.96502e-28 -2.99994e-13 1.88492e-05
5.92172e-05 0.000118435 -1.85127e-28 -2.99994e-13 1.88492e-05
5.92172e-05 0.000118435 -1.87785e-28 -2.99994e-13 1.88492e-05
5.92172e-05 0.000118435 -1.6946e-28 -2.99994e-13 1.88492e-05
5.92172e-05 0.000118435 -1.46901e-28 -2.99994e-13 1.88492e-05
5.92172e-05 0.000118435 -1.6388e-28 -2.99994e-13 1.88492e-05
5.92172e-05 0.000118435 -1.8538e-28 -2.99994e-13 1.88492e-05
5.92172e-05 0.000118435 -1.76662e-28 -2.99994e-13 1.88492e-05
5.92172e-05 0.000118435 -1.62076e-28 -2.99994e-13 1.88492e-05
5.92172e-05 0.000118435 -1.91601e-28 -2.99994e-13 1.88492e-05
5.92172e-05 0.000118435 -1.77751e-28 -2.99994e-13 1.88492e-05
5.92172e-05 0.000118435 -1.56592e-28 -2.99994e-13 1.88492e-05
5.92172e-05 0.000118435 -1.72167e-28 -2.99994e-13 1.88492e-05
5.92173e-05 0.000118435 -1.24649e-28 -2.99994e-13 1.88492e-05
5.92173e-05 0.000118435 -1.35777e-28 -2.99994e-13 1.88492e-05
5.92173e-05 0.000118435 -1.59763e-28 -2.99994e-13 1.88492e-05
5.92173e-05 0.000118435 -1.66538e-28 -2.99994e-13 1.88492e-05
5.92173e-05 0.000118435 -1.52312e-28 -2.99994e-13 1.88492e-05
5.92173e-05 0.000118435 -1.45536e-28 -2.99994e-13 1.88492e-05
5.92173e-05 0.000118435 -1.25634e-28 -2.99994e-13 1.88492e-05
5.92173e-05 0.000118435 -1.56409e-28 -2.99994e-13 1.88492e-05
5.92173e-05 0.000118435 -1.39998e-28 -2.99994e-13 1.88492e-05
5.92173e-05 0.000118435 -1.25941e-28 -2.99994e-13 1.88492e-05
5.92173e-05 0.000118435 -1.38471e-28 -2.99994e-13 1.88492e-05
5.92173e-05 0.000118435 -1.36785e-28 -2.99994e-13 1.88492e-05
5.92173e-05 0.000118435 -1.05715e-28 -2.99994e-13 1.88492e-05
5.92173e-05 0.000118435 -1.36919e-28 -2.99994e-13 1.88492e-05
5.92173e-05 0.000118435 -1.43607e-28 -2.99994e-13 1.88492e-05
5.92173e-05 0.000118435 -1.35468e-28 -2.99994e-13 1.88492e-05
5.92173e-05 0.000118435 -1.09323e-28 -2.99994e-13 1.88492e-05
5.92173e-05 0.000118435 -1.20647e-28 -2.99994e-13 1.88492e-05
5.92173e-05 0.000118435 -1.54437e-28 -2.99994e-13 1.88492e-05
5.92173e-05 0.000118435 -1.54709e-28 -2.99994e-13 1.88492e-05
5.92173e-05 0.000118435 -1.37811e-28 -2.99994e-13 1.88492e-05
5.92173e-05 0.000118435 -1.56362e-28 -2.99994e-13 1.88492e-05
5.92173e-05 0.000118435 -1.32368e-28 -2.99994e-13 1.88492e-05
5.92173e-05 0.000118435 -1.35316e-28 -2.99994e-13 1.88492e-05
5.92174e-05 0.000118435 -1.41825e-28 -2.99994e-13 1.88492e-05
5.92174e-05 0.000118435 -1.24372e-28 -2.99994e-13 1.88492e-05
5.92174e-05 0.000118435 -1.26128e-28 -2.99994e-13 1.88492e-05
5.92174e-05 0.000118435 -1.13323e-28 -2.99994e-13 1.88492e-05
5.92174e-05 0.000118435 -1.13155e-28 -2.99994e-13 1.88492e-05
5.92174e-05 0.000118435 -9.21935e-29 -2.99994e-13 1.88492e-05
5.92174e-05 0.000118435 -7.03349e-29 -2.99994e-13 1.88492e-05
5.92174e-05 0.000118435 -9.13505e-29 -2.99994e-13 1.88492e-05
5.92174e-05 0.000118435 -9.30194e-29 -2.99994e-13 1.88492e-05
5.92174e-05 0.000118435 -1.32542e-28 -2.99994e-13 1.88492e-05
5.92174e-05 0.000118435 -1.06579e-28 -2.99994e-13 1.88492e-05
5.92174e-05 0.000118435 -1.29655e-28 -2.99994e-13 1.88492e-05
5.92174e-05 0.000118435 -1.38185e-28 -2.99994e-13 1.88492e-05
5.92174e-05 0.000118435 -1.09733e-28 -2.99994e-13 1.88492e-05
5.92174e-05 0.000118435 -1.05954e-28 -2.99994e-13 1.88492e-05
5.92174e-05 0.000118435 -1.16316e-28 -2.99994e-13 1.88492e-05
5.92174e-05 0.000118435 -1.13254e-28 -2.99994e-13 1.88492e-05
5.92174e-05 0.000118435 -1.21124e-28 -2.99994e-13 1.88492e-05
5.92174e-05 0.000118435 -1.36279e-28 -2.99994e-13 1.88492e-05
5.92174e-05 0.000118435 -8.05334e-29 -2.99994e-13 1.88492e-05
5.92174e-05 0.000118435 -9.39638e-29 -2.99994e-13 1.88492e-05
5.92174e-05 0.000118435 -7.91103e-29 -2.99994e-13 1.88492e-05
5.92174e-05 0.000118435 -1.06372e-28 -2.99994e-13 1.88492e-05
5.92174e-05 0.000118435 -1.02742e-28 -2.99994e-13 1.88492e-05
5.92174e-05 0.000118435 -1.11649e-28 -2.99994e-13 1.88492e-05
5.92174e-05 0.000118435 -7.58632e-29 -2.99994e-13 1.88492e-05
5.92174e-05 0.000118435 -8.23037e-29 -2.99994e-13 1.88492e-05
5.92174e-05 0.000118435 -1.1716e-28 -2.99994e-13 1.88492e-05
5.92174e-05 0.000118435 -1.00959e-28 -2.99994e-13 1.88492e-05
5.92175e-05 0.000118435 -9.19619e-29 -2.99994e-13 1.88492e-05
5.92175e-05 0.000118435 -8.16456e-29 -2.99994e-13 1.88492e-05
5.92175e-05 0.000118435 -1.25173e-28 -2.99994e-13 1.88492e-05
5.92175e-05 0.000118435 -9.63256e-29 -2.99994e-13 1.88492e-05
5.92175e-05 0.000118435 -1.04337e-28 -2.99994e-13 1.88492e-05
5.92175e-05 0.000118435 -1.32148e-28 -2.99994e-13 1.88492e-05
5.92175e-05 0.000118435 -1.21411e-28 -2.99994e-13 1.88492e-05
5.92175e-05 0.000118435 -1.20583e-28 -2.99994e-13 1.88492e-05
5.92175e-05 0.000118435 -1.19254e-28 -2.99994e-13 1.88492e-05
5.92175e-05 0.000118435 -1.50191e-28 -2.99994e-13 1.88492e-05
5.92175e-05 0.000118435 -1.42433e-28 -2.99994e-13 1.88492e-05
5.92175e-05 0.000118435 -1.75769e-28 -2.99994e-13 1.88492e-05
5.92175e-05 0.000118435 -1.42947e-28 -2.99994e-13 1.88492e-05
5.92175e-05 0.000118435 -1.53648e-28 -2.99994e-13 1.88492e-05
5.92175e-05 0.000118435 -1.38259e-28 -2.99994e-13 1.88492e-05
5.92175e-05 0.000118435 -1.73276e-28 -2.99994e-13 1.88492e-05
5.92175e-05 0.000118435 -1.83731e-28 -2.99994e-13 1.88492e-05
5.92175e-05 0.000118435 -1.62827e-28 -2.99994e-13 1.88492e-05
5.92175e-05 0.000118435 -1.45447e-28 -2.99994e-13 1.88492e-05
5.92175e-05 0.000118435 -1.61508e-28 -2.99994e-13 1.88492e-05
5.92175e-05 0.000118435 -1.7422e-28 -2.99994e-13 1.88492e-05
5.92175e-05 0.000118435 -1.50523e-28 -2.99994e-13 1.88492e-05
5.92175e-05 0.000118435 -1.48839e-28 -2.99994e-13 1.88492e-05
5.92175e-05 0.000118435 -2.08169e-28 -2.99994e-13 1.88492e-05
5.92175e-05 0.000118435 -1.89055e-28 -2.99994e-13 1.88492e-05
5.92175e-05 0.000118435 -1.71189e-28 -2.99994e-13 1.88492e-05
5.92175e-05 0.000118435 -2.12289e-28 -2.99994e-13 1.88492e-05
5.92175e-05 0.000118435 -1.94087e-28 -2.99994e-13 1.88492e-05
5.92175e-05 0.000118435 -1.81952e-28 -2.99994e-13 1.88492e-05
5.92175e-05 0.000118435 -1.62668e-28 -2.99994e-13 1.88492e-05
5.92175e-05 0.000118435 -1.72104e-28 -2.99994e-13 1.88492e-05
5.92175e-05 0.000118435 -1.62204e-28 -2.99994e-13 1.88492e-05
5.92175e-05 0.000118435 -1.73717e-28 -2.99994e-13 1.88492e-05
5.92175e-05 0.000118435 -1.92399e-28 -2.99994e-13 1.88492e-05
5.92175e-05 0.000118435 -1.69778e-28 -2.99994e-13 1.88492e-05
5.92175e-05 0.000118435 -1.80281e-28 -2.99994e-13 1.88492e-05
5.92175e-05 0.000118435 -1.87225e-28 -2.99994e-13 1.88492e-05
5.92176e-05 0.000118435 -2.12476e-28 -2.99994e-13 1.88492e-05
5.92176e-05 0.000118435 -1.92534e-28 -2.99994e-13 1.88492e-05
5.92176e-05 0.000118435 -2.04493e-28 -2.99994e-13 1.88492e-05
5.92176e-05 0.000118435 -2.04697e-28 -2.99994e-13 1.88492e-05
5.92176e-05 0.000118435 -2.0153e-28 -2.99994e-13 1.88492e-05
5.92176e-05 0.000118435 -2.12361e-28 -2.99994e-13 1.88492e-05
5.92176e-05 0.000118435 -1.98255e-28 -2.99994e-13 1.88492e-05
5.92176e-05 0.000118435 -1.87045e-28 -2.99994e-13 1.88492e-05
5.92176e-05 0.000118435 -1.73924e-28 -2.99994e-13 1.88492e-05
5.92176e-05 0.000118435 -1.63726e-28 -2.99994e-13 1.88492e-05
5.92176e-05 0.000118435 -1.62179e-28 -2.99994e-13 1.88492e-05
5.92176e-05 0.000118435 -1.49695e-28 -2.99994e-13 1.88492e-05
5.92176e-05 0.000118435 -1.68633e-28 -2.99994e-13 1.88492e-05
5.92176e-05 0.000118435 -1.77758e-28 -2.99994e-13 1.88492e-05
5.92176e-05 0.000118435 -1.80109e-28 -2.99994e-13 1.88492e-05
5.92176e-05 0.000118435 -2.05276e-28 -2.99994e-13 1.88492e-05
5.92176e-05 0.000118435 -2.04238e-28 -2.99994e-13 1.88492e-05
5.92176e-05 0.000118435 -2.11548e-28 -2.99994e-13 1.88492e-05
5.92176e-05 0.000118435 -1.92232e-28 -2.99994e-13 1.88492e-05
5.92176e-05 0.000118435 -2.05645e-28 -2.99994e-13 1.88492e-05
5.92176e-05 0.000118435 -2.02445e-28 -2.99994e-13 1.88492e-05
5.92176e-05 0.000118435 -2.06625e-28 -2.99994e-13 1.88492e-05
5.92176e-05 0.000118435 -1.91373e-28 -2.99994e-13 1.88492e-05
5.92176e-05 0.000118435 -1.99973e-28 -2.99994e-13 1.88492e-05
5.92176e-05 0.000118435 -1.91591e-28 -2.99994e-13 1.88492e-05
5.92176e-05 0.000118435 -2.06596e-28 -2.99994e-13 1.88492e-05
5.92176e-05 0.000118435 -2.02138e-28 -2.99994e-13 1.88492e-05
5.92176e-05 0.000118435 -1.88865e-28 -2.99994e-13 1.88492e-05
5.92176e-05 0.000118435 -1.93632e-28 -2.99994e-13 1.88492e-05
5.92176e-05 0.000118435 -1.8232e-28 -2.99994e-13 1.88492e-05
5.92176e-05 0.000118435 -1.80634e-28 -2.99994e-13 1.88492e-05
5.92176e-05 0.000118435 -1.93368e-28 -2.99994e-13 1.88492e-05
5.92176e-05 0.000118435 -1.99489e-28 -2.99994e-13 1.88492e-05
5.92176e-05 0.000118435 -2.02523e-28 -2.99994e-13 1.88492e-05
5.92176e-05 0.000118435 -1.91307e-28 -2.99994e-13 1.88492e-05
5.92176e-05 0.000118435 -2.0331e-28 -2.99994e-13 1.88492e-05
5.92176e-05 0.000118435 -2.00816e-28 -2.99994e-13 1.88492e-05
5.92176e-05 0.000118435 -2.05112e-28 -2.99994e-13 1.88492e-05
5.92176e-05 0.000118435 -2.09099e-28 -2.99994e-13 1.88492e-05
5.92176e-05 0.000118435 -2.06385e-28 -2.99994e-13 1.88492e-05
5.92176e-05 0.000118435 -2.14111e-28 -2.99994e-13 1.88492e-05
5.92176e-05 0.000118435 -2.06724e-28 -2.99994e-13 1.88492e-05
5.92176e-05 0.000118435 -2.00206e-28 -2.99994e-13 1.88492e-05
5.92176e-05 0.000118435 -2.03763e-28 -2.99994e-13 1.88492e-05
5.92176e-05 0.000118435 -2.03509e-28 -2.99994e-13 1.88492e-05
5.92176e-05 0.000118435 -2.02016e-28 -2.99994e-13 1.88492e-05
5.92176e-05 0.000118435 -1.96865e-28 -2.99994e-13 1.88492e-05
5.92176e-05 0.000118435 -2.00311e-28 -2.99994e-13 1.88492e-05
5.92176e-05 0.000118435 -1.96421e-28 -2.99994e-13 1.88492e-05
5.92176e-05 0.000118435 -2.09652e-28 -2.99994e-13 1.88492e-05
5.92176e-05 0.000118435 -2.02406e-28 -2.99994e-13 1.88492e-05
5.92176e-05 0.000118435 -2.05978e-28 -2.99994e-13 1.88492e-05
5.92176e-05 0.000118435 -2.02482e-28 -2.99994e-13 1.88492e-05
5.92176e-05 0.000118435 -2.04036e-28 -2.99994e-13 1.88492e-05
5.92176e-05 0.000118435 -2.02206e-28 -2.99994e-13 1.88492e-05
5.92176e-05 0.000118435 -2.00142e-28 -2.99994e-13 1.88492e-05
5.92176e-05 0.000118435 -1.98889e-28 -2.99994e-13 1.88492e-05
5.92176e-05 0.000118435 -1.98997e-28 -2.99994e-13 1.88492e-05
5.92176e-05 0.000118435 -2.00843e-28 -2.99994e-13 1.88492e-05
5.92176e-05 0.000118435 -2.02278e-28 -2.99994e-13 1.88492e-05
5.92176e-05 0.000118435 -1.99862e-28 -2.99994e-13 1.88492e-05
5.92176e-05 0.000118435 -2.02796e-28 -2.99994e-13 1.88492e-05
5.92176e-05 0.000118435 -2.02744e-28 -2.99994e-13 1.88492e-05
5.92176e-05 0.000118435 -2.04143e-28 -2.99994e-13 1.88492e-05
5.92176e-05 0.000118435 -2.03817e-28 -2.99994e-13 1.88492e-05
5.92176e-05 0.000118435 -2.02952e-28 -2.99994e-13 1.88492e-05
5.92176e-05 0.000118435 -2.03031e-28 -2.99994e-13 1.88492e-05
5.92176e-05 0.000118435 -2.03029e-28 -2.99994e-13 1.88492e-05
5.92176e-05 0.000118435 -2.03197e-28 -2.99994e-13 1.88492e-05
