The five columns in this file are (in order): kinetic energy, potential energy, angular momentum (x,y,z)
1.27534e-05 -2.08499e-05 0 0 5.87987e-07
1.23518e-05 -1.9829e-05 0 0 5.90517e-07
1.13226e-05 -1.85048e-05 0 0 5.96475e-07
1.0028e-05 -1.71974e-05 0 0 6.03003e-07
8.76057e-06 -1.6062e-05 0 0 6.08476e-07
7.66311e-06 -1.51417e-05 0 0 6.12563e-07
6.77513e-06 -1.44298e-05 0 0 6.15467e-07
6.09011e-06 -1.3905e-05 0 0 6.1748e-07
5.58785e-06 -1.3546e-05 0 0 6.18836e-07
5.24822e-06 -1.33364e-05 0 0 6.19698e-07
5.05602e-06 -1.32663e-05 0 0 6.20166e-07
5.00226e-06 -1.33324e-05 0 0 6.20295e-07
5.08439e-06 -1.35379e-05 0 0 6.20098e-07
5.3063e-06 -1.38925e-05 0 0 6.19553e-07
5.6783e-06 -1.44123e-05 0 0 6.18599e-07
6.21681e-06 -1.51185e-05 0 0 6.17122e-07
6.94254e-06 -1.60326e-05 0 0 6.14946e-07
7.87444e-06 -1.7162e-05 0 0 6.1182e-07
9.01293e-06 -1.8466e-05 0 0 6.07454e-07
1.03024e-05 -1.97934e-05 0 0 6.01703e-07
1.15708e-05 -2.08287e-05 0 0 5.95104e-07
1.24976e-05 -2.11806e-05 0 0 5.89613e-07
1.27353e-05 -2.06829e-05 0 0 5.88103e-07
1.21782e-05 -1.95655e-05 0 0 5.91574e-07
1.10633e-05 -1.8224e-05 0 0 5.97865e-07
9.75529e-06 -1.69444e-05 0 0 6.04253e-07
8.51591e-06 -1.58527e-05 0 0 6.09438e-07
7.46099e-06 -1.49771e-05 0 0 6.13255e-07
6.61653e-06 -1.4306e-05 0 0 6.1595e-07
5.97131e-06 -1.38173e-05 0 0 6.17809e-07
5.50441e-06 -1.34905e-05 0 0 6.19051e-07
5.1965e-06 -1.33105e-05 0 0 6.19825e-07
5.03362e-06 -1.32688e-05 0 0 6.2022e-07
5.00812e-06 -1.33635e-05 0 0 6.20281e-07
5.11879e-06 -1.3599e-05 0 0 6.20015e-07
5.37085e-06 -1.39863e-05 0 0 6.19391e-07
5.77595e-06 -1.4543e-05 0 0 6.18339e-07
6.35161e-06 -1.52909e-05 0 0 6.16734e-07
7.11893e-06 -1.62501e-05 0 0 6.14384e-07
8.09489e-06 -1.74217e-05 0 0 6.11024e-07
9.27222e-06 -1.8748e-05 0 0 6.06369e-07
1.05765e-05 -2.00461e-05 0 0 6.0036e-07
1.18044e-05 -2.09693e-05 0 0 5.93777e-07
1.26126e-05 -2.11448e-05 0 0 5.88888e-07
1.26815e-05 -2.04885e-05 0 0 5.88449e-07
1.19801e-05 -1.92928e-05 0 0 5.92754e-07
1.07961e-05 -1.79465e-05 0 0 5.99252e-07
9.48613e-06 -1.67e-05 0 0 6.05447e-07
8.27954e-06 -1.56528e-05 0 0 6.10338e-07
7.26809e-06 -1.48214e-05 0 0 6.13898e-07
6.46658e-06 -1.41901e-05 0 0 6.16398e-07
5.86021e-06 -1.37366e-05 0 0 6.18112e-07
5.42782e-06 -1.34413e-05 0 0 6.19247e-07
5.15103e-06 -1.32906e-05 0 0 6.19936e-07
5.01714e-06 -1.32772e-05 0 0 6.2026e-07
5.01984e-06 -1.34006e-05 0 0 6.20253e-07
5.15928e-06 -1.36665e-05 0 0 6.19916e-07
5.442e-06 -1.40875e-05 0 0 6.19211e-07
5.88096e-06 -1.46821e-05 0 0 6.18056e-07
6.49471e-06 -1.54725e-05 0 0 6.16314e-07
7.30441e-06 -1.6477e-05 0 0 6.13778e-07
8.32426e-06 -1.76886e-05 0 0 6.1017e-07
9.53746e-06 -1.90295e-05 0 0 6.05223e-07
1.08479e-05 -2.02828e-05 0 0 5.98987e-07
1.20199e-05 -2.10765e-05 0 0 5.92519e-07
1.26945e-05 -2.10716e-05 0 0 5.88365e-07
1.25931e-05 -2.02704e-05 0 0 5.89012e-07
1.17609e-05 -1.90143e-05 0 0 5.94027e-07
1.0524e-05 -1.76739e-05 0 0 6.00621e-07
9.22194e-06 -1.64644e-05 0 0 6.06582e-07
8.05186e-06 -1.54624e-05 0 0 6.11181e-07
7.08436e-06 -1.46743e-05 0 0 6.14495e-07
6.32509e-06 -1.40818e-05 0 0 6.16811e-07
5.75663e-06 -1.36627e-05 0 0 6.18391e-07
5.35795e-06 -1.33984e-05 0 0 6.19424e-07
5.11171e-06 -1.32766e-05 0 0 6.20032e-07
5.00654e-06 -1.32915e-05 0 0 6.20285e-07
5.03746e-06 -1.34438e-05 0 0 6.20211e-07
5.20594e-06 -1.37408e-05 0 0 6.19802e-07
5.51989e-06 -1.41962e-05 0 0 6.19012e-07
5.99352e-06 -1.48296e-05 0 0 6.17748e-07
6.64631e-06 -1.56634e-05 0 0 6.15861e-07
7.49909e-06 -1.6713e-05 0 0 6.13126e-07
8.56226e-06 -1.79615e-05 0 0 6.09258e-07
9.80742e-06 -1.93078e-05 0 0 6.04017e-07
1.11138e-05 -2.04996e-05 0 0 5.97597e-07
1.22136e-05 -2.11478e-05 0 0 5.9136e-07
1.27416e-05 -2.09625e-05 0 0 5.88063e-07
1.24719e-05 -2.00327e-05 0 0 5.89773e-07
1.15242e-05 -1.87327e-05 0 0 5.95365e-07
1.02496e-05 -1.74075e-05 0 0 6.01956e-07
8.96391e-06 -1.62381e-05 0 0 6.07655e-07
7.83315e-06 -1.52813e-05 0 0 6.11967e-07
6.90971e-06 -1.45357e-05 0 0 6.15049e-07
6.19186e-06 -1.39811e-05 0 0 6.17193e-07
5.66038e-06 -1.35955e-05 0 0 6.18646e-07
5.29465e-06 -1.33616e-05 0 0 6.19582e-07
5.07848e-06 -1.32686e-05 0 0 6.20112e-07
5.00181e-06 -1.33118e-05 0 0 6.20296e-07
5.06101e-06 -1.34933e-05 0 0 6.20154e-07
5.25888e-06 -1.38219e-05 0 0 6.19671e-07
5.60467e-06 -1.43125e-05 0 0 6.18792e-07
6.11382e-06 -1.49858e-05 0 0 6.17413e-07
6.80659e-06 -1.58638e-05 0 0 6.1537e-07
7.70298e-06 -1.6958e-05 0 0 6.12425e-07
8.80845e-06 -1.82392e-05 0 0 6.08285e-07
1.00806e-05 -1.95801e-05 0 0 6.02757e-07
1.13712e-05 -2.06927e-05 0 0 5.9621e-07
1.23821e-05 -2.11814e-05 0 0 5.90331e-07
1.27527e-05 -2.08201e-05 0 0 5.87991e-07
1.23206e-05 -1.97793e-05 0 0 5.90709e-07
1.12736e-05 -1.84507e-05 0 0 5.96741e-07
9.97541e-06 -1.71482e-05 0 0 6.03247e-07
8.71298e-06 -1.60211e-05 0 0 6.08666e-07
7.62359e-06 -1.51094e-05 0 0 6.127e-07
6.744e-06 -1.44054e-05 0 0 6.15563e-07
6.06669e-06 -1.38876e-05 0 0 6.17545e-07
5.57129e-06 -1.35348e-05 0 0 6.18879e-07
5.2378e-06 -1.33309e-05 0 0 6.19723e-07
5.05126e-06 -1.32663e-05 0 0 6.20178e-07
5.00293e-06 -1.33379e-05 0 0 6.20294e-07
5.09053e-06 -1.35491e-05 0 0 6.20083e-07
5.31819e-06 -1.391e-05 0 0 6.19524e-07
5.69649e-06 -1.44367e-05 0 0 6.18551e-07
6.24206e-06 -1.51509e-05 0 0 6.1705e-07
6.97571e-06 -1.60736e-05 0 0 6.14841e-07
7.91607e-06 -1.72113e-05 0 0 6.11672e-07
9.0622e-06 -1.852e-05 0 0 6.0725e-07
1.03551e-05 -1.98429e-05 0 0 6.01448e-07
1.16169e-05 -2.08581e-05 0 0 5.94845e-07
1.25222e-05 -2.11767e-05 0 0 5.89459e-07
1.27277e-05 -2.06476e-05 0 0 5.88152e-07
1.2142e-05 -1.95138e-05 0 0 5.91792e-07
1.10125e-05 -1.81704e-05 0 0 5.98132e-07
9.70328e-06 -1.68968e-05 0 0 6.04487e-07
8.46987e-06 -1.58136e-05 0 0 6.09615e-07
7.42324e-06 -1.49465e-05 0 0 6.13382e-07
6.58708e-06 -1.42831e-05 0 0 6.16039e-07
5.94939e-06 -1.38013e-05 0 0 6.17869e-07
5.48917e-06 -1.34806e-05 0 0 6.19091e-07
5.18729e-06 -1.33062e-05 0 0 6.19848e-07
5.03e-06 -1.327e-05 0 0 6.20229e-07
5.00992e-06 -1.33701e-05 0 0 6.20277e-07
5.12609e-06 -1.36114e-05 0 0 6.19997e-07
5.384e-06 -1.40052e-05 0 0 6.19358e-07
5.79553e-06 -1.45691e-05 0 0 6.18287e-07
6.37844e-06 -1.53251e-05 0 0 6.16656e-07
7.15384e-06 -1.62929e-05 0 0 6.14271e-07
8.13824e-06 -1.74724e-05 0 0 6.10864e-07
9.32272e-06 -1.88022e-05 0 0 6.06153e-07
1.06289e-05 -2.00929e-05 0 0 6.00098e-07
1.18473e-05 -2.09926e-05 0 0 5.93529e-07
1.2631e-05 -2.11336e-05 0 0 5.88771e-07
1.26671e-05 -2.04483e-05 0 0 5.88541e-07
1.19395e-05 -1.92397e-05 0 0 5.92992e-07
1.07441e-05 -1.78938e-05 0 0 5.99517e-07
9.43497e-06 -1.66541e-05 0 0 6.0567e-07
8.23514e-06 -1.56155e-05 0 0 6.10505e-07
7.2321e-06 -1.47925e-05 0 0 6.14016e-07
6.43877e-06 -1.41687e-05 0 0 6.16479e-07
5.83975e-06 -1.37219e-05 0 0 6.18168e-07
5.41389e-06 -1.34326e-05 0 0 6.19283e-07
5.143e-06 -1.32875e-05 0 0 6.19956e-07
5.01465e-06 -1.32795e-05 0 0 6.20266e-07
5.02277e-06 -1.34084e-05 0 0 6.20246e-07
5.16776e-06 -1.36803e-05 0 0 6.19896e-07
5.45643e-06 -1.41078e-05 0 0 6.19174e-07
5.90198e-06 -1.47097e-05 0 0 6.17999e-07
6.52316e-06 -1.55084e-05 0 0 6.1623e-07
7.34108e-06 -1.65216e-05 0 0 6.13657e-07
8.3693e-06 -1.77405e-05 0 0 6.1e-07
9.58897e-06 -1.90833e-05 0 0 6.04996e-07
1.08994e-05 -2.03261e-05 0 0 5.98721e-07
1.20589e-05 -2.1093e-05 0 0 5.92288e-07
1.27063e-05 -2.10534e-05 0 0 5.8829e-07
1.25723e-05 -2.02262e-05 0 0 5.89143e-07
1.17167e-05 -1.89604e-05 0 0 5.9428e-07
1.04714e-05 -1.76222e-05 0 0 6.0088e-07
9.17188e-06 -1.64202e-05 0 0 6.06793e-07
8.00916e-06 -1.54269e-05 0 0 6.11336e-07
7.05012e-06 -1.46471e-05 0 0 6.14605e-07
6.29888e-06 -1.40619e-05 0 0 6.16887e-07
5.73759e-06 -1.36493e-05 0 0 6.18442e-07
5.34529e-06 -1.33909e-05 0 0 6.19456e-07
5.10486e-06 -1.32746e-05 0 0 6.20049e-07
5.00518e-06 -1.3295e-05 0 0 6.20288e-07
5.04152e-06 -1.34529e-05 0 0 6.20201e-07
5.21562e-06 -1.37558e-05 0 0 6.19778e-07
5.53563e-06 -1.42179e-05 0 0 6.18971e-07
6.01601e-06 -1.48589e-05 0 0 6.17686e-07
6.67641e-06 -1.57012e-05 0 0 6.15769e-07
7.53752e-06 -1.67594e-05 0 0 6.12995e-07
8.60891e-06 -1.80145e-05 0 0 6.09076e-07
9.85967e-06 -1.93607e-05 0 0 6.0378e-07
1.1164e-05 -2.05387e-05 0 0 5.9733e-07
1.2248e-05 -2.11572e-05 0 0 5.91152e-07
1.27465e-05 -2.09377e-05 0 0 5.88031e-07
1.24451e-05 -1.99852e-05 0 0 5.8994e-07
1.1477e-05 -1.86785e-05 0 0 5.95627e-07
1.01969e-05 -1.73571e-05 0 0 6.02207e-07
8.91515e-06 -1.61957e-05 0 0 6.07854e-07
7.7922e-06 -1.52476e-05 0 0 6.12112e-07
6.8772e-06 -1.45101e-05 0 0 6.15151e-07
6.16721e-06 -1.39626e-05 0 0 6.17263e-07
5.64273e-06 -1.35833e-05 0 0 6.18692e-07
5.28324e-06 -1.33553e-05 0 0 6.19611e-07
5.07279e-06 -1.32677e-05 0 0 6.20126e-07
5.00157e-06 -1.33163e-05 0 0 6.20297e-07
5.06621e-06 -1.35035e-05 0 0 6.20142e-07
5.26977e-06 -1.38382e-05 0 0 6.19644e-07
5.62175e-06 -1.43357e-05 0 0 6.18747e-07
6.13782e-06 -1.50168e-05 0 0 6.17346e-07
6.83837e-06 -1.59034e-05 0 0 6.15272e-07
7.74318e-06 -1.7006e-05 0 0 6.12284e-07
8.8566e-06 -1.82929e-05 0 0 6.08091e-07
1.01332e-05 -1.96314e-05 0 0 6.02509e-07
1.14194e-05 -2.07267e-05 0 0 5.95945e-07
1.24113e-05 -2.11835e-05 0 0 5.9015e-07
1.27507e-05 -2.07893e-05 0 0 5.88004e-07
1.22883e-05 -1.97291e-05 0 0 5.90906e-07
1.12242e-05 -1.83967e-05 0 0 5.97008e-07
9.92294e-06 -1.70993e-05 0 0 6.0349e-07
8.66567e-06 -1.59805e-05 0 0 6.08853e-07
7.5844e-06 -1.50774e-05 0 0 6.12835e-07
6.71319e-06 -1.43813e-05 0 0 6.15657e-07
6.04356e-06 -1.38705e-05 0 0 6.17609e-07
5.55498e-06 -1.35239e-05 0 0 6.18921e-07
5.22762e-06 -1.33257e-05 0 0 6.19749e-07
5.04672e-06 -1.32666e-05 0 0 6.20189e-07
5.00382e-06 -1.33437e-05 0 0 6.20291e-07
5.09689e-06 -1.35606e-05 0 0 6.20068e-07
5.33032e-06 -1.39277e-05 0 0 6.19493e-07
5.71494e-06 -1.44615e-05 0 0 6.18502e-07
6.26761e-06 -1.51836e-05 0 0 6.16977e-07
7.00921e-06 -1.6115e-05 0 0 6.14735e-07
7.95803e-06 -1.72609e-05 0 0 6.11521e-07
9.11173e-06 -1.85742e-05 0 0 6.07044e-07
1.04078e-05 -1.98921e-05 0 0 6.01191e-07
1.16624e-05 -2.08865e-05 0 0 5.94588e-07
1.25456e-05 -2.11714e-05 0 0 5.89312e-07
1.27188e-05 -2.06113e-05 0 0 5.88209e-07
1.21049e-05 -1.94617e-05 0 0 5.92014e-07
1.09614e-05 -1.8117e-05 0 0 5.98399e-07
9.65142e-06 -1.68495e-05 0 0 6.04719e-07
8.42414e-06 -1.57748e-05 0 0 6.09791e-07
7.38583e-06 -1.49163e-05 0 0 6.13507e-07
6.55794e-06 -1.42606e-05 0 0 6.16126e-07
5.92775e-06 -1.37855e-05 0 0 6.17929e-07
5.47419e-06 -1.34709e-05 0 0 6.19129e-07
5.1783e-06 -1.33022e-05 0 0 6.1987e-07
5.02659e-06 -1.32714e-05 0 0 6.20237e-07
5.01193e-06 -1.3377e-05 0 0 6.20272e-07
5.13361e-06 -1.36241e-05 0 0 6.19979e-07
5.39739e-06 -1.40243e-05 0 0 6.19324e-07
5.81539e-06 -1.45954e-05 0 0 6.18233e-07
6.40557e-06 -1.53595e-05 0 0 6.16577e-07
7.18908e-06 -1.63361e-05 0 0 6.14157e-07
8.18193e-06 -1.75234e-05 0 0 6.10703e-07
9.37343e-06 -1.88563e-05 0 0 6.05936e-07
1.06812e-05 -2.01391e-05 0 0 5.99836e-07
1.18895e-05 -2.10146e-05 0 0 5.93284e-07
1.26481e-05 -2.11211e-05 0 0 5.88662e-07
1.26515e-05 -2.04073e-05 0 0 5.8864e-07
1.18982e-05 -1.91864e-05 0 0 5.93233e-07
1.0692e-05 -1.78412e-05 0 0 5.99781e-07
9.38402e-06 -1.66085e-05 0 0 6.0589e-07
8.19106e-06 -1.55786e-05 0 0 6.10669e-07
7.19645e-06 -1.47639e-05 0 0 6.14132e-07
6.41126e-06 -1.41476e-05 0 0 6.1656e-07
5.81956e-06 -1.37074e-05 0 0 6.18222e-07
5.40021e-06 -1.34241e-05 0 0 6.19317e-07
5.13521e-06 -1.32846e-05 0 0 6.19975e-07
5.01237e-06 -1.3282e-05 0 0 6.20271e-07
5.02591e-06 -1.34165e-05 0 0 6.20239e-07
5.17646e-06 -1.36942e-05 0 0 6.19874e-07
5.47111e-06 -1.41283e-05 0 0 6.19137e-07
5.92328e-06 -1.47377e-05 0 0 6.17941e-07
6.55191e-06 -1.55447e-05 0 0 6.16144e-07
7.37808e-06 -1.65665e-05 0 0 6.13533e-07
8.41466e-06 -1.77927e-05 0 0 6.09827e-07
9.64065e-06 -1.91369e-05 0 0 6.04767e-07
1.09508e-05 -2.03686e-05 0 0 5.98454e-07
1.2097e-05 -2.11082e-05 0 0 5.92061e-07
1.27168e-05 -2.10338e-05 0 0 5.88222e-07
1.25503e-05 -2.01813e-05 0 0 5.89282e-07
1.16718e-05 -1.89063e-05 0 0 5.94535e-07
1.04188e-05 -1.75708e-05 0 0 6.01138e-07
9.12207e-06 -1.63764e-05 0 0 6.07001e-07
7.9668e-06 -1.53918e-05 0 0 6.11489e-07
7.01622e-06 -1.46201e-05 0 0 6.14713e-07
6.27296e-06 -1.40423e-05 0 0 6.16961e-07
5.71882e-06 -1.36361e-05 0 0 6.18491e-07
5.33287e-06 -1.33836e-05 0 0 6.19487e-07
5.09824e-06 -1.32728e-05 0 0 6.20065e-07
5.00403e-06 -1.32986e-05 0 0 6.20291e-07
5.0458e-06 -1.34621e-05 0 0 6.20191e-07
5.22552e-06 -1.37711e-05 0 0 6.19754e-07
5.55162e-06 -1.42399e-05 0 0 6.1893e-07
6.03879e-06 -1.48885e-05 0 0 6.17623e-07
6.70682e-06 -1.57393e-05 0 0 6.15677e-07
7.57629e-06 -1.6806e-05 0 0 6.12863e-07
8.65586e-06 -1.80676e-05 0 0 6.08891e-07
9.91203e-06 -1.94133e-05 0 0 6.0354e-07
1.12138e-05 -2.05768e-05 0 0 5.97063e-07
1.22815e-05 -2.11652e-05 0 0 5.90948e-07
1.27501e-05 -2.09116e-05 0 0 5.88008e-07
1.24172e-05 -1.99371e-05 0 0 5.90113e-07
1.14294e-05 -1.86243e-05 0 0 5.9589e-07
1.01442e-05 -1.7307e-05 0 0 6.02457e-07
8.86666e-06 -1.61536e-05 0 0 6.0805e-07
7.75159e-06 -1.52142e-05 0 0 6.12255e-07
6.84502e-06 -1.44847e-05 0 0 6.15251e-07
6.14285e-06 -1.39443e-05 0 0 6.17331e-07
5.62533e-06 -1.35714e-05 0 0 6.18738e-07
5.27207e-06 -1.33491e-05 0 0 6.19639e-07
5.06732e-06 -1.3267e-05 0 0 6.20139e-07
5.00155e-06 -1.33211e-05 0 0 6.20297e-07
5.07163e-06 -1.3514e-05 0 0 6.20129e-07
5.2809e-06 -1.38549e-05 0 0 6.19617e-07
5.63909e-06 -1.43593e-05 0 0 6.18702e-07
6.16211e-06 -1.50481e-05 0 0 6.17277e-07
6.87048e-06 -1.59433e-05 0 0 6.15172e-07
7.78372e-06 -1.70543e-05 0 0 6.12142e-07
8.90504e-06 -1.83467e-05 0 0 6.07895e-07
1.01859e-05 -1.96823e-05 0 0 6.0226e-07
1.14671e-05 -2.07597e-05 0 0 5.95682e-07
1.24394e-05 -2.11842e-05 0 0 5.89976e-07
1.27474e-05 -2.07573e-05 0 0 5.88025e-07
1.2255e-05 -1.96785e-05 0 0 5.91109e-07
1.11744e-05 -1.83427e-05 0 0 5.97275e-07
9.87056e-06 -1.70507e-05 0 0 6.0373e-07
8.61866e-06 -1.59403e-05 0 0 6.09037e-07
7.54556e-06 -1.50458e-05 0 0 6.12968e-07
6.68271e-06 -1.43575e-05 0 0 6.1575e-07
6.02072e-06 -1.38536e-05 0 0 6.17673e-07
5.53894e-06 -1.35132e-05 0 0 6.18962e-07
5.21766e-06 -1.33207e-05 0 0 6.19773e-07
5.04239e-06 -1.32671e-05 0 0 6.20199e-07
5.00492e-06 -1.33496e-05 0 0 6.20289e-07
5.10347e-06 -1.35723e-05 0 0 6.20052e-07
5.34269e-06 -1.39457e-05 0 0 6.19462e-07
5.73366e-06 -1.44866e-05 0 0 6.18452e-07
6.29346e-06 -1.52167e-05 0 0 6.16902e-07
7.04304e-06 -1.61567e-05 0 0 6.14627e-07
8.00032e-06 -1.73107e-05 0 0 6.11368e-07
9.1615e-06 -1.86284e-05 0 0 6.06836e-07
1.04605e-05 -1.99407e-05 0 0 6.00934e-07
1.17074e-05 -2.09136e-05 0 0 5.94333e-07
1.25678e-05 -2.11646e-05 0 0 5.89171e-07
1.27086e-05 -2.0574e-05 0 0 5.88275e-07
1.20669e-05 -1.94094e-05 0 0 5.9224e-07
1.09101e-05 -1.80637e-05 0 0 5.98665e-07
9.59971e-06 -1.68026e-05 0 0 6.04948e-07
8.37872e-06 -1.57364e-05 0 0 6.09964e-07
7.34875e-06 -1.48863e-05 0 0 6.13631e-07
6.52912e-06 -1.42383e-05 0 0 6.16212e-07
5.90639e-06 -1.377e-05 0 0 6.17987e-07
5.45947e-06 -1.34614e-05 0 0 6.19167e-07
5.16955e-06 -1.32983e-05 0 0 6.19891e-07
5.02341e-06 -1.3273e-05 0 0 6.20245e-07
5.01416e-06 -1.33841e-05 0 0 6.20267e-07
5.14136e-06 -1.36371e-05 0 0 6.1996e-07
5.41102e-06 -1.40437e-05 0 0 6.1929e-07
5.83553e-06 -1.46221e-05 0 0 6.18179e-07
6.43302e-06 -1.53944e-05 0 0 6.16496e-07
7.22466e-06 -1.63796e-05 0 0 6.1404e-07
8.22594e-06 -1.75746e-05 0 0 6.10539e-07
9.42435e-06 -1.89104e-05 0 0 6.05716e-07
1.07333e-05 -2.01846e-05 0 0 5.99572e-07
1.1931e-05 -2.10353e-05 0 0 5.93042e-07
1.2664e-05 -2.11071e-05 0 0 5.88561e-07
1.26347e-05 -2.03655e-05 0 0 5.88748e-07
1.18561e-05 -1.91329e-05 0 0 5.93478e-07
1.06398e-05 -1.77888e-05 0 0 6.00044e-07
9.33326e-06 -1.65632e-05 0 0 6.06108e-07
8.14731e-06 -1.5542e-05 0 0 6.10831e-07
7.16114e-06 -1.47356e-05 0 0 6.14247e-07
6.38406e-06 -1.41268e-05 0 0 6.1664e-07
5.79964e-06 -1.36932e-05 0 0 6.18276e-07
5.38677e-06 -1.34159e-05 0 0 6.19351e-07
5.12764e-06 -1.32818e-05 0 0 6.19993e-07
5.01032e-06 -1.32848e-05 0 0 6.20276e-07
5.02927e-06 -1.34247e-05 0 0 6.20231e-07
5.1854e-06 -1.37085e-05 0 0 6.19852e-07
5.48604e-06 -1.41492e-05 0 0 6.19099e-07
5.94486e-06 -1.4766e-05 0 0 6.17882e-07
6.58099e-06 -1.55813e-05 0 0 6.16057e-07
7.41542e-06 -1.66118e-05 0 0 6.13408e-07
8.46033e-06 -1.78451e-05 0 0 6.09652e-07
9.69248e-06 -1.91904e-05 0 0 6.04535e-07
1.10019e-05 -2.04104e-05 0 0 5.98187e-07
1.21343e-05 -2.11221e-05 0 0 5.91838e-07
1.2726e-05 -2.1013e-05 0 0 5.88163e-07
1.25271e-05 -2.01357e-05 0 0 5.89427e-07
1.16264e-05 -1.88523e-05 0 0 5.94792e-07
1.03661e-05 -1.75196e-05 0 0 6.01395e-07
9.07249e-06 -1.63329e-05 0 0 6.07207e-07
7.92477e-06 -1.5357e-05 0 0 6.11641e-07
6.98266e-06 -1.45935e-05 0 0 6.14819e-07
6.24735e-06 -1.40229e-05 0 0 6.17035e-07
5.70031e-06 -1.36232e-05 0 0 6.1854e-07
5.3207e-06 -1.33765e-05 0 0 6.19517e-07
5.09183e-06 -1.32713e-05 0 0 6.2008e-07
5.0031e-06 -1.33025e-05 0 0 6.20293e-07
5.0503e-06 -1.34716e-05 0 0 6.2018e-07
5.23566e-06 -1.37866e-05 0 0 6.19729e-07
5.56787e-06 -1.42622e-05 0 0 6.18887e-07
6.06185e-06 -1.49185e-05 0 0 6.17558e-07
6.73756e-06 -1.57777e-05 0 0 6.15583e-07
7.61541e-06 -1.6853e-05 0 0 6.12728e-07
8.70311e-06 -1.81209e-05 0 0 6.08705e-07
9.96448e-06 -1.94656e-05 0 0 6.03298e-07
1.12633e-05 -2.0614e-05 0 0 5.96796e-07
1.23139e-05 -2.11718e-05 0 0 5.9075e-07
1.27524e-05 -2.08844e-05 0 0 5.87993e-07
1.23883e-05 -1.98884e-05 0 0 5.90293e-07
1.13813e-05 -1.85702e-05 0 0 5.96155e-07
1.00915e-05 -1.72572e-05 0 0 6.02706e-07
8.81845e-06 -1.61119e-05 0 0 6.08245e-07
7.71132e-06 -1.51812e-05 0 0 6.12396e-07
6.81317e-06 -1.44597e-05 0 0 6.1535e-07
6.11879e-06 -1.39264e-05 0 0 6.17399e-07
5.6082e-06 -1.35597e-05 0 0 6.18783e-07
5.26113e-06 -1.33432e-05 0 0 6.19666e-07
5.06207e-06 -1.32666e-05 0 0 6.20152e-07
5.00174e-06 -1.33261e-05 0 0 6.20296e-07
5.07728e-06 -1.35247e-05 0 0 6.20115e-07
5.29226e-06 -1.38717e-05 0 0 6.19588e-07
5.65669e-06 -1.43831e-05 0 0 6.18655e-07
6.1867e-06 -1.50798e-05 0 0 6.17207e-07
6.90292e-06 -1.59835e-05 0 0 6.15071e-07
7.8246e-06 -1.71029e-05 0 0 6.11997e-07
8.95374e-06 -1.84007e-05 0 0 6.07696e-07
1.02387e-05 -1.97329e-05 0 0 6.02008e-07
1.15144e-05 -2.07916e-05 0 0 5.95419e-07
1.24664e-05 -2.11834e-05 0 0 5.89807e-07
1.27427e-05 -2.07242e-05 0 0 5.88055e-07
1.22208e-05 -1.96276e-05 0 0 5.91317e-07
1.11243e-05 -1.82889e-05 0 0 5.97542e-07
9.81828e-06 -1.70024e-05 0 0 6.03968e-07
8.57195e-06 -1.59004e-05 0 0 6.0922e-07
7.50706e-06 -1.50145e-05 0 0 6.13099e-07
6.65255e-06 -1.4334e-05 0 0 6.15842e-07
5.99817e-06 -1.3837e-05 0 0 6.17735e-07
5.52315e-06 -1.35028e-05 0 0 6.19003e-07
5.20794e-06 -1.3316e-05 0 0 6.19797e-07
5.03829e-06 -1.32677e-05 0 0 6.20209e-07
5.00624e-06 -1.33557e-05 0 0 6.20286e-07
5.11027e-06 -1.35842e-05 0 0 6.20036e-07
5.3553e-06 -1.39639e-05 0 0 6.19431e-07
5.75265e-06 -1.4512e-05 0 0 6.18401e-07
6.31961e-06 -1.52501e-05 0 0 6.16827e-07
7.07721e-06 -1.61988e-05 0 0 6.14518e-07
8.04295e-06 -1.73608e-05 0 0 6.11213e-07
9.2115e-06 -1.86825e-05 0 0 6.06626e-07
1.05131e-05 -1.99887e-05 0 0 6.00675e-07
1.17517e-05 -2.09396e-05 0 0 5.94079e-07
1.25888e-05 -2.11565e-05 0 0 5.89038e-07
1.26971e-05 -2.05358e-05 0 0 5.88349e-07
1.20281e-05 -1.93567e-05 0 0 5.92471e-07
1.08586e-05 -1.80105e-05 0 0 5.98931e-07
9.54817e-06 -1.67559e-05 0 0 6.05176e-07
8.33361e-06 -1.56984e-05 0 0 6.10135e-07
7.31202e-06 -1.48567e-05 0 0 6.13753e-07
6.50061e-06 -1.42163e-05 0 0 6.16297e-07
5.88531e-06 -1.37547e-05 0 0 6.18044e-07
5.44499e-06 -1.34522e-05 0 0 6.19203e-07
5.16102e-06 -1.32947e-05 0 0 6.19912e-07
5.02044e-06 -1.32748e-05 0 0 6.20252e-07
5.0166e-06 -1.33914e-05 0 0 6.20261e-07
5.14934e-06 -1.36503e-05 0 0 6.19941e-07
5.4249e-06 -1.40634e-05 0 0 6.19255e-07
5.85593e-06 -1.46491e-05 0 0 6.18124e-07
6.46077e-06 -1.54295e-05 0 0 6.16415e-07
7.26057e-06 -1.64235e-05 0 0 6.13923e-07
8.27027e-06 -1.76261e-05 0 0 6.10373e-07
9.47547e-06 -1.89644e-05 0 0 6.05494e-07
1.07853e-05 -2.02295e-05 0 0 5.99307e-07
1.19717e-05 -2.10548e-05 0 0 5.92803e-07
1.26786e-05 -2.10918e-05 0 0 5.88467e-07
1.26166e-05 -2.03229e-05 0 0 5.88863e-07
1.18134e-05 -1.90793e-05 0 0 5.93725e-07
1.05874e-05 -1.77366e-05 0 0 6.00306e-07
9.28271e-06 -1.65183e-05 0 0 6.06324e-07
8.10388e-06 -1.55057e-05 0 0 6.10991e-07
7.12617e-06 -1.47077e-05 0 0 6.14361e-07
6.35717e-06 -1.41063e-05 0 0 6.16718e-07
5.78e-06 -1.36792e-05 0 0 6.18328e-07
5.37357e-06 -1.34078e-05 0 0 6.19385e-07
5.12029e-06 -1.32794e-05 0 0 6.20011e-07
5.00848e-06 -1.32877e-05 0 0 6.2028e-07
5.03285e-06 -1.34333e-05 0 0 6.20222e-07
5.19456e-06 -1.3723e-05 0 0 6.1983e-07
5.50122e-06 -1.41703e-05 0 0 6.1906e-07
5.96672e-06 -1.47946e-05 0 0 6.17822e-07
6.61038e-06 -1.56183e-05 0 0 6.15969e-07
7.45311e-06 -1.66575e-05 0 0 6.13281e-07
8.50631e-06 -1.78977e-05 0 0 6.09475e-07
9.74445e-06 -1.92437e-05 0 0 6.04302e-07
1.10527e-05 -2.04513e-05 0 0 5.9792e-07
1.21708e-05 -2.11345e-05 0 0 5.91619e-07
1.27338e-05 -2.09909e-05 0 0 5.88113e-07
1.25028e-05 -2.00894e-05 0 0 5.8958e-07
1.15804e-05 -1.87981e-05 0 0 5.9505e-07
1.03134e-05 -1.74687e-05 0 0 6.0165e-07
9.02316e-06 -1.62897e-05 0 0 6.07411e-07
7.88308e-06 -1.53225e-05 0 0 6.1179e-07
6.94942e-06 -1.45671e-05 0 0 6.14924e-07
6.22204e-06 -1.40038e-05 0 0 6.17107e-07
5.68207e-06 -1.36105e-05 0 0 6.18589e-07
5.30876e-06 -1.33696e-05 0 0 6.19547e-07
5.08565e-06 -1.32699e-05 0 0 6.20095e-07
5.00239e-06 -1.33065e-05 0 0 6.20295e-07
5.05501e-06 -1.34813e-05 0 0 6.20169e-07
5.24604e-06 -1.38024e-05 0 0 6.19703e-07
5.58438e-06 -1.42848e-05 0 0 6.18845e-07
6.08521e-06 -1.49488e-05 0 0 6.17493e-07
6.76862e-06 -1.58165e-05 0 0 6.15488e-07
7.65486e-06 -1.69004e-05 0 0 6.12592e-07
8.75064e-06 -1.81744e-05 0 0 6.08516e-07
1.0017e-05 -1.95176e-05 0 0 6.03054e-07
1.13124e-05 -2.06502e-05 0 0 5.9653e-07
1.23454e-05 -2.1177e-05 0 0 5.90557e-07
1.27534e-05 -2.0856e-05 0 0 5.87987e-07
1.23582e-05 -1.98393e-05 0 0 5.90478e-07
1.13328e-05 -1.8516e-05 0 0 5.9642e-07
1.00389e-05 -1.72076e-05 0 0 6.02952e-07
8.77051e-06 -1.60706e-05 0 0 6.08437e-07
7.67138e-06 -1.51485e-05 0 0 6.12535e-07
6.78165e-06 -1.44349e-05 0 0 6.15447e-07
6.09502e-06 -1.39086e-05 0 0 6.17466e-07
5.59133e-06 -1.35483e-05 0 0 6.18827e-07
5.25042e-06 -1.33375e-05 0 0 6.19692e-07
5.05704e-06 -1.32663e-05 0 0 6.20164e-07
5.00215e-06 -1.33313e-05 0 0 6.20295e-07
5.08315e-06 -1.35356e-05 0 0 6.20101e-07
5.30386e-06 -1.38889e-05 0 0 6.19559e-07
5.67455e-06 -1.44072e-05 0 0 6.18608e-07
6.21159e-06 -1.51118e-05 0 0 6.17137e-07
6.93568e-06 -1.60241e-05 0 0 6.14968e-07
7.86582e-06 -1.71518e-05 0 0 6.11851e-07
9.0027e-06 -1.84547e-05 0 0 6.07496e-07
1.02914e-05 -1.9783e-05 0 0 6.01755e-07
1.15611e-05 -2.08224e-05 0 0 5.95158e-07
1.24924e-05 -2.11812e-05 0 0 5.89645e-07
1.27367e-05 -2.06901e-05 0 0 5.88094e-07
1.21857e-05 -1.95762e-05 0 0 5.91529e-07
1.10738e-05 -1.82352e-05 0 0 5.97809e-07
9.76612e-06 -1.69544e-05 0 0 6.04204e-07
8.52554e-06 -1.58609e-05 0 0 6.094e-07
7.46889e-06 -1.49835e-05 0 0 6.13228e-07
6.62271e-06 -1.43108e-05 0 0 6.15932e-07
5.97591e-06 -1.38207e-05 0 0 6.17797e-07
5.50761e-06 -1.34926e-05 0 0 6.19043e-07
5.19845e-06 -1.33114e-05 0 0 6.1982e-07
5.0344e-06 -1.32686e-05 0 0 6.20218e-07
5.00777e-06 -1.33621e-05 0 0 6.20282e-07
5.1173e-06 -1.35964e-05 0 0 6.20018e-07
5.36815e-06 -1.39825e-05 0 0 6.19398e-07
5.77191e-06 -1.45377e-05 0 0 6.1835e-07
6.34607e-06 -1.52838e-05 0 0 6.1675e-07
7.11171e-06 -1.62412e-05 0 0 6.14407e-07
8.08591e-06 -1.74112e-05 0 0 6.11056e-07
9.26174e-06 -1.87367e-05 0 0 6.06413e-07
1.05656e-05 -2.00363e-05 0 0 6.00414e-07
1.17954e-05 -2.09643e-05 0 0 5.93829e-07
1.26087e-05 -2.1147e-05 0 0 5.88913e-07
1.26843e-05 -2.04967e-05 0 0 5.88431e-07
1.19884e-05 -1.93039e-05 0 0 5.92705e-07
1.08069e-05 -1.79575e-05 0 0 5.99197e-07
9.49679e-06 -1.67096e-05 0 0 6.05401e-07
8.28882e-06 -1.56606e-05 0 0 6.10304e-07
7.27562e-06 -1.48274e-05 0 0 6.13873e-07
6.47241e-06 -1.41946e-05 0 0 6.1638e-07
5.86451e-06 -1.37397e-05 0 0 6.18101e-07
5.43075e-06 -1.34432e-05 0 0 6.1924e-07
5.15273e-06 -1.32913e-05 0 0 6.19932e-07
5.01768e-06 -1.32768e-05 0 0 6.20258e-07
5.01926e-06 -1.3399e-05 0 0 6.20255e-07
5.15754e-06 -1.36637e-05 0 0 6.19921e-07
5.43903e-06 -1.40833e-05 0 0 6.19219e-07
5.87662e-06 -1.46764e-05 0 0 6.18068e-07
6.48883e-06 -1.54651e-05 0 0 6.16332e-07
7.29683e-06 -1.64677e-05 0 0 6.13803e-07
8.31493e-06 -1.76778e-05 0 0 6.10205e-07
9.52676e-06 -1.90183e-05 0 0 6.0527e-07
1.08371e-05 -2.02737e-05 0 0 5.99042e-07
1.20117e-05 -2.10729e-05 0 0 5.92568e-07
1.26919e-05 -2.10752e-05 0 0 5.88382e-07
1.25972e-05 -2.02796e-05 0 0 5.88985e-07
1.177e-05 -1.90255e-05 0 0 5.93975e-07
1.05349e-05 -1.76847e-05 0 0 6.00566e-07
9.23238e-06 -1.64737e-05 0 0 6.06538e-07
8.06079e-06 -1.54698e-05 0 0 6.11148e-07
7.09153e-06 -1.468e-05 0 0 6.14472e-07
6.33059e-06 -1.4086e-05 0 0 6.16795e-07
5.76063e-06 -1.36655e-05 0 0 6.1838e-07
5.36062e-06 -1.34e-05 0 0 6.19417e-07
5.11317e-06 -1.32771e-05 0 0 6.20028e-07
5.00685e-06 -1.32909e-05 0 0 6.20284e-07
5.03664e-06 -1.3442e-05 0 0 6.20213e-07
5.20396e-06 -1.37377e-05 0 0 6.19807e-07
5.51665e-06 -1.41917e-05 0 0 6.1902e-07
5.98887e-06 -1.48235e-05 0 0 6.17761e-07
6.64009e-06 -1.56556e-05 0 0 6.15879e-07
7.49113e-06 -1.67034e-05 0 0 6.13153e-07
8.55259e-06 -1.79505e-05 0 0 6.09295e-07
9.79656e-06 -1.92968e-05 0 0 6.04067e-07
1.11033e-05 -2.04914e-05 0 0 5.97653e-07
1.22063e-05 -2.11456e-05 0 0 5.91404e-07
1.27404e-05 -2.09675e-05 0 0 5.88071e-07
1.24774e-05 -2.00426e-05 0 0 5.89739e-07
1.15339e-05 -1.8744e-05 0 0 5.95311e-07
1.02606e-05 -1.7418e-05 0 0 6.01903e-07
8.97409e-06 -1.62469e-05 0 0 6.07613e-07
7.84172e-06 -1.52884e-05 0 0 6.11937e-07
6.91651e-06 -1.45411e-05 0 0 6.15028e-07
6.19703e-06 -1.3985e-05 0 0 6.17178e-07
5.66409e-06 -1.3598e-05 0 0 6.18636e-07
5.29706e-06 -1.3363e-05 0 0 6.19576e-07
5.07969e-06 -1.32688e-05 0 0 6.20109e-07
5.00189e-06 -1.33108e-05 0 0 6.20296e-07
5.05995e-06 -1.34912e-05 0 0 6.20157e-07
5.25664e-06 -1.38185e-05 0 0 6.19677e-07
5.60114e-06 -1.43077e-05 0 0 6.18801e-07
6.10886e-06 -1.49794e-05 0 0 6.17427e-07
6.80001e-06 -1.58556e-05 0 0 6.15391e-07
7.69465e-06 -1.6948e-05 0 0 6.12454e-07
8.79846e-06 -1.8228e-05 0 0 6.08325e-07
1.00696e-05 -1.95693e-05 0 0 6.02808e-07
1.13611e-05 -2.06855e-05 0 0 5.96265e-07
1.23759e-05 -2.11808e-05 0 0 5.90369e-07
1.2753e-05 -2.08264e-05 0 0 5.87989e-07
1.23272e-05 -1.97897e-05 0 0 5.90669e-07
1.12838e-05 -1.84619e-05 0 0 5.96686e-07
9.98634e-06 -1.71584e-05 0 0 6.03197e-07
8.72286e-06 -1.60296e-05 0 0 6.08626e-07
7.63179e-06 -1.51161e-05 0 0 6.12672e-07
6.75045e-06 -1.44105e-05 0 0 6.15543e-07
6.07154e-06 -1.38912e-05 0 0 6.17531e-07
5.57471e-06 -1.35371e-05 0 0 6.1887e-07
5.23995e-06 -1.3332e-05 0 0 6.19718e-07
5.05223e-06 -1.32663e-05 0 0 6.20176e-07
5.00278e-06 -1.33368e-05 0 0 6.20294e-07
5.08923e-06 -1.35468e-05 0 0 6.20086e-07
5.3157e-06 -1.39063e-05 0 0 6.1953e-07
5.69268e-06 -1.44316e-05 0 0 6.18561e-07
6.23678e-06 -1.51441e-05 0 0 6.17065e-07
6.96878e-06 -1.60651e-05 0 0 6.14863e-07
7.90738e-06 -1.7201e-05 0 0 6.11703e-07
9.05193e-06 -1.85088e-05 0 0 6.07293e-07
1.03441e-05 -1.98327e-05 0 0 6.01501e-07
1.16073e-05 -2.08521e-05 0 0 5.94899e-07
1.25171e-05 -2.11776e-05 0 0 5.8949e-07
1.27294e-05 -2.0655e-05 0 0 5.88141e-07
1.21496e-05 -1.95246e-05 0 0 5.91746e-07
1.10231e-05 -1.81816e-05 0 0 5.98076e-07
9.71409e-06 -1.69067e-05 0 0 6.04439e-07
8.47943e-06 -1.58217e-05 0 0 6.09578e-07
7.43107e-06 -1.49529e-05 0 0 6.13356e-07
6.59318e-06 -1.42879e-05 0 0 6.16021e-07
5.95393e-06 -1.38046e-05 0 0 6.17857e-07
5.49232e-06 -1.34826e-05 0 0 6.19082e-07
5.18919e-06 -1.33071e-05 0 0 6.19843e-07
5.03073e-06 -1.32697e-05 0 0 6.20227e-07
5.00952e-06 -1.33687e-05 0 0 6.20278e-07
5.12455e-06 -1.36088e-05 0 0 6.20001e-07
5.38124e-06 -1.40013e-05 0 0 6.19365e-07
5.79144e-06 -1.45636e-05 0 0 6.18298e-07
6.37283e-06 -1.53179e-05 0 0 6.16672e-07
7.14654e-06 -1.6284e-05 0 0 6.14295e-07
8.12919e-06 -1.74619e-05 0 0 6.10897e-07
9.31219e-06 -1.87909e-05 0 0 6.06198e-07
1.0618e-05 -2.00832e-05 0 0 6.00153e-07
1.18384e-05 -2.09878e-05 0 0 5.9358e-07
1.26273e-05 -2.11361e-05 0 0 5.88795e-07
1.26702e-05 -2.04567e-05 0 0 5.88521e-07
1.1948e-05 -1.92508e-05 0 0 5.92942e-07
1.0755e-05 -1.79047e-05 0 0 5.99462e-07
9.4456e-06 -1.66636e-05 0 0 6.05624e-07
8.24435e-06 -1.56233e-05 0 0 6.1047e-07
7.23956e-06 -1.47985e-05 0 0 6.13992e-07
6.44453e-06 -1.41731e-05 0 0 6.16463e-07
5.84399e-06 -1.37249e-05 0 0 6.18156e-07
5.41677e-06 -1.34344e-05 0 0 6.19275e-07
5.14465e-06 -1.32881e-05 0 0 6.19952e-07
5.01515e-06 -1.3279e-05 0 0 6.20264e-07
5.02214e-06 -1.34068e-05 0 0 6.20248e-07
5.16597e-06 -1.36774e-05 0 0 6.199e-07
5.45341e-06 -1.41035e-05 0 0 6.19182e-07
5.89758e-06 -1.4704e-05 0 0 6.18011e-07
6.51721e-06 -1.55009e-05 0 0 6.16248e-07
7.33342e-06 -1.65123e-05 0 0 6.13682e-07
8.3599e-06 -1.77297e-05 0 0 6.10035e-07
9.57824e-06 -1.90721e-05 0 0 6.05043e-07
1.08887e-05 -2.03172e-05 0 0 5.98776e-07
1.20508e-05 -2.10897e-05 0 0 5.92336e-07
1.2704e-05 -2.10573e-05 0 0 5.88305e-07
1.25767e-05 -2.02355e-05 0 0 5.89115e-07
1.17259e-05 -1.89716e-05 0 0 5.94227e-07
1.04824e-05 -1.7633e-05 0 0 6.00826e-07
9.18228e-06 -1.64294e-05 0 0 6.06749e-07
8.01802e-06 -1.54343e-05 0 0 6.11304e-07
7.05722e-06 -1.46527e-05 0 0 6.14582e-07
6.30431e-06 -1.4066e-05 0 0 6.16871e-07
5.74153e-06 -1.3652e-05 0 0 6.18431e-07
5.34791e-06 -1.33924e-05 0 0 6.19449e-07
5.10627e-06 -1.3275e-05 0 0 6.20045e-07
5.00544e-06 -1.32942e-05 0 0 6.20288e-07
5.04066e-06 -1.3451e-05 0 0 6.20203e-07
5.21359e-06 -1.37527e-05 0 0 6.19783e-07
5.53233e-06 -1.42134e-05 0 0 6.18979e-07
6.0113e-06 -1.48528e-05 0 0 6.17699e-07
6.67012e-06 -1.56933e-05 0 0 6.15788e-07
7.52949e-06 -1.67497e-05 0 0 6.13023e-07
8.59918e-06 -1.80034e-05 0 0 6.09114e-07
9.84879e-06 -1.93497e-05 0 0 6.03829e-07
1.11536e-05 -2.05306e-05 0 0 5.97386e-07
1.22409e-05 -2.11553e-05 0 0 5.91195e-07
1.27456e-05 -2.0943e-05 0 0 5.88037e-07
1.24508e-05 -1.99951e-05 0 0 5.89905e-07
1.14869e-05 -1.86898e-05 0 0 5.95572e-07
1.02079e-05 -1.73675e-05 0 0 6.02155e-07
8.92528e-06 -1.62045e-05 0 0 6.07812e-07
7.8007e-06 -1.52546e-05 0 0 6.12082e-07
6.88394e-06 -1.45154e-05 0 0 6.1513e-07
6.17231e-06 -1.39664e-05 0 0 6.17248e-07
5.64638e-06 -1.35858e-05 0 0 6.18683e-07
5.2856e-06 -1.33566e-05 0 0 6.19605e-07
5.07396e-06 -1.32678e-05 0 0 6.20123e-07
5.0016e-06 -1.33154e-05 0 0 6.20297e-07
5.06511e-06 -1.35014e-05 0 0 6.20145e-07
5.26748e-06 -1.38348e-05 0 0 6.1965e-07
5.61817e-06 -1.43309e-05 0 0 6.18756e-07
6.1328e-06 -1.50103e-05 0 0 6.1736e-07
6.83173e-06 -1.58951e-05 0 0 6.15293e-07
7.73479e-06 -1.69959e-05 0 0 6.12314e-07
8.84656e-06 -1.82817e-05 0 0 6.08131e-07
1.01223e-05 -1.96207e-05 0 0 6.02561e-07
1.14094e-05 -2.07197e-05 0 0 5.96e-07
1.24053e-05 -2.11832e-05 0 0 5.90187e-07
1.27513e-05 -2.07958e-05 0 0 5.88e-07
1.22951e-05 -1.97396e-05 0 0 5.90865e-07
1.12345e-05 -1.84079e-05 0 0 5.96952e-07
9.93385e-06 -1.71094e-05 0 0 6.03439e-07
8.67549e-06 -1.59889e-05 0 0 6.08814e-07
7.59253e-06 -1.50841e-05 0 0 6.12807e-07
6.71958e-06 -1.43863e-05 0 0 6.15638e-07
6.04835e-06 -1.3874e-05 0 0 6.17596e-07
5.55836e-06 -1.35261e-05 0 0 6.18912e-07
5.22972e-06 -1.33268e-05 0 0 6.19743e-07
5.04765e-06 -1.32665e-05 0 0 6.20187e-07
5.00362e-06 -1.33424e-05 0 0 6.20292e-07
5.09554e-06 -1.35582e-05 0 0 6.20071e-07
5.32778e-06 -1.3924e-05 0 0 6.195e-07
5.71108e-06 -1.44563e-05 0 0 6.18512e-07
6.26227e-06 -1.51768e-05 0 0 6.16992e-07
7.00221e-06 -1.61064e-05 0 0 6.14757e-07
7.94927e-06 -1.72505e-05 0 0 6.11553e-07
9.1014e-06 -1.85629e-05 0 0 6.07087e-07
1.03968e-05 -1.98819e-05 0 0 6.01245e-07
1.1653e-05 -2.08807e-05 0 0 5.94641e-07
1.25408e-05 -2.11726e-05 0 0 5.89342e-07
1.27208e-05 -2.06189e-05 0 0 5.88197e-07
1.21127e-05 -1.94726e-05 0 0 5.91967e-07
1.09721e-05 -1.81281e-05 0 0 5.98343e-07
9.6622e-06 -1.68594e-05 0 0 6.04671e-07
8.43363e-06 -1.57829e-05 0 0 6.09754e-07
7.39358e-06 -1.49225e-05 0 0 6.13481e-07
6.56398e-06 -1.42652e-05 0 0 6.16108e-07
5.93223e-06 -1.37887e-05 0 0 6.17916e-07
5.47729e-06 -1.34729e-05 0 0 6.19121e-07
5.18015e-06 -1.3303e-05 0 0 6.19865e-07
5.02728e-06 -1.32711e-05 0 0 6.20235e-07
5.01149e-06 -1.33756e-05 0 0 6.20273e-07
5.13203e-06 -1.36215e-05 0 0 6.19983e-07
5.39458e-06 -1.40203e-05 0 0 6.19331e-07
5.81124e-06 -1.45899e-05 0 0 6.18245e-07
6.3999e-06 -1.53523e-05 0 0 6.16593e-07
7.18172e-06 -1.63271e-05 0 0 6.1418e-07
8.17281e-06 -1.75128e-05 0 0 6.10736e-07
9.36286e-06 -1.8845e-05 0 0 6.05981e-07
1.06703e-05 -2.01295e-05 0 0 5.9989e-07
1.18808e-05 -2.10101e-05 0 0 5.93335e-07
1.26447e-05 -2.11238e-05 0 0 5.88684e-07
1.26549e-05 -2.04159e-05 0 0 5.88619e-07
1.19069e-05 -1.91975e-05 0 0 5.93183e-07
1.07029e-05 -1.78521e-05 0 0 5.99726e-07
9.3946e-06 -1.66179e-05 0 0 6.05845e-07
8.20021e-06 -1.55863e-05 0 0 6.10635e-07
7.20385e-06 -1.47698e-05 0 0 6.14108e-07
6.41696e-06 -1.4152e-05 0 0 6.16543e-07
5.82374e-06 -1.37104e-05 0 0 6.18211e-07
5.40303e-06 -1.34259e-05 0 0 6.1931e-07
5.13681e-06 -1.32851e-05 0 0 6.19971e-07
5.01283e-06 -1.32815e-05 0 0 6.2027e-07
5.02524e-06 -1.34148e-05 0 0 6.2024e-07
5.17463e-06 -1.36913e-05 0 0 6.19879e-07
5.46803e-06 -1.4124e-05 0 0 6.19145e-07
5.91882e-06 -1.47319e-05 0 0 6.17953e-07
6.5459e-06 -1.55371e-05 0 0 6.16162e-07
7.37035e-06 -1.65572e-05 0 0 6.13559e-07
8.40519e-06 -1.77818e-05 0 0 6.09863e-07
9.62988e-06 -1.91257e-05 0 0 6.04815e-07
1.09401e-05 -2.03599e-05 0 0 5.9851e-07
1.20892e-05 -2.11052e-05 0 0 5.92108e-07
1.27147e-05 -2.1038e-05 0 0 5.88236e-07
1.2555e-05 -2.01907e-05 0 0 5.89252e-07
1.16812e-05 -1.89176e-05 0 0 5.94481e-07
1.04297e-05 -1.75815e-05 0 0 6.01084e-07
9.13241e-06 -1.63855e-05 0 0 6.06958e-07
7.97559e-06 -1.53991e-05 0 0 6.11458e-07
7.02325e-06 -1.46257e-05 0 0 6.14691e-07
6.27833e-06 -1.40463e-05 0 0 6.16946e-07
5.7227e-06 -1.36388e-05 0 0 6.18481e-07
5.33544e-06 -1.33851e-05 0 0 6.1948e-07
5.0996e-06 -1.32732e-05 0 0 6.20061e-07
5.00425e-06 -1.32978e-05 0 0 6.2029e-07
5.04489e-06 -1.34602e-05 0 0 6.20193e-07
5.22344e-06 -1.37679e-05 0 0 6.19759e-07
5.54827e-06 -1.42353e-05 0 0 6.18938e-07
6.03402e-06 -1.48824e-05 0 0 6.17636e-07
6.70047e-06 -1.57313e-05 0 0 6.15696e-07
7.5682e-06 -1.67963e-05 0 0 6.1289e-07
8.64607e-06 -1.80565e-05 0 0 6.0893e-07
9.90112e-06 -1.94023e-05 0 0 6.0359e-07
1.12035e-05 -2.05689e-05 0 0 5.97119e-07
1.22746e-05 -2.11636e-05 0 0 5.9099e-07
1.27495e-05 -2.09172e-05 0 0 5.88012e-07
1.24231e-05 -1.99471e-05 0 0 5.90077e-07
1.14393e-05 -1.86356e-05 0 0 5.95835e-07
1.01552e-05 -1.73174e-05 0 0 6.02406e-07
8.87673e-06 -1.61623e-05 0 0 6.0801e-07
7.76002e-06 -1.52211e-05 0 0 6.12225e-07
6.85169e-06 -1.449e-05 0 0 6.15231e-07
6.14789e-06 -1.39481e-05 0 0 6.17317e-07
5.62893e-06 -1.35739e-05 0 0 6.18728e-07
5.27437e-06 -1.33504e-05 0 0 6.19633e-07
5.06844e-06 -1.32671e-05 0 0 6.20137e-07
5.00154e-06 -1.33201e-05 0 0 6.20297e-07
5.07049e-06 -1.35118e-05 0 0 6.20132e-07
5.27856e-06 -1.38514e-05 0 0 6.19622e-07
5.63546e-06 -1.43544e-05 0 0 6.18711e-07
6.15703e-06 -1.50416e-05 0 0 6.17291e-07
6.86377e-06 -1.59349e-05 0 0 6.15193e-07
7.77526e-06 -1.70442e-05 0 0 6.12172e-07
8.89493e-06 -1.83355e-05 0 0 6.07936e-07
1.0175e-05 -1.96717e-05 0 0 6.02312e-07
1.14573e-05 -2.07529e-05 0 0 5.95736e-07
1.24336e-05 -2.11841e-05 0 0 5.90011e-07
1.27482e-05 -2.0764e-05 0 0 5.8802e-07
1.2262e-05 -1.96891e-05 0 0 5.91066e-07
1.11848e-05 -1.8354e-05 0 0 5.97219e-07
9.88145e-06 -1.70608e-05 0 0 6.0368e-07
8.62842e-06 -1.59486e-05 0 0 6.08999e-07
7.55362e-06 -1.50524e-05 0 0 6.1294e-07
6.68903e-06 -1.43624e-05 0 0 6.15731e-07
6.02545e-06 -1.38571e-05 0 0 6.1766e-07
5.54226e-06 -1.35154e-05 0 0 6.18954e-07
5.21971e-06 -1.33218e-05 0 0 6.19768e-07
5.04328e-06 -1.32669e-05 0 0 6.20197e-07
5.00467e-06 -1.33483e-05 0 0 6.20289e-07
5.10208e-06 -1.35698e-05 0 0 6.20055e-07
5.34009e-06 -1.39419e-05 0 0 6.19469e-07
5.72974e-06 -1.44814e-05 0 0 6.18462e-07
6.28805e-06 -1.52098e-05 0 0 6.16918e-07
7.03597e-06 -1.6148e-05 0 0 6.1465e-07
7.99149e-06 -1.73003e-05 0 0 6.114e-07
9.15112e-06 -1.86171e-05 0 0 6.0688e-07
1.04495e-05 -1.99306e-05 0 0 6.00987e-07
1.16981e-05 -2.09081e-05 0 0 5.94386e-07
1.25633e-05 -2.11662e-05 0 0 5.892e-07
1.27108e-05 -2.05818e-05 0 0 5.88261e-07
1.20749e-05 -1.94203e-05 0 0 5.92193e-07
1.09208e-05 -1.80747e-05 0 0 5.9861e-07
9.61046e-06 -1.68123e-05 0 0 6.04901e-07
8.38814e-06 -1.57444e-05 0 0 6.09928e-07
7.35644e-06 -1.48925e-05 0 0 6.13605e-07
6.53509e-06 -1.42429e-05 0 0 6.16194e-07
5.91081e-06 -1.37732e-05 0 0 6.17975e-07
5.46251e-06 -1.34634e-05 0 0 6.19159e-07
5.17135e-06 -1.32991e-05 0 0 6.19887e-07
5.02405e-06 -1.32726e-05 0 0 6.20243e-07
5.01367e-06 -1.33826e-05 0 0 6.20268e-07
5.13973e-06 -1.36344e-05 0 0 6.19964e-07
5.40817e-06 -1.40397e-05 0 0 6.19297e-07
5.83131e-06 -1.46165e-05 0 0 6.18191e-07
6.42728e-06 -1.53871e-05 0 0 6.16513e-07
7.21722e-06 -1.63706e-05 0 0 6.14065e-07
8.21675e-06 -1.75639e-05 0 0 6.10573e-07
9.41374e-06 -1.88991e-05 0 0 6.05762e-07
1.07225e-05 -2.01752e-05 0 0 5.99627e-07
1.19224e-05 -2.10311e-05 0 0 5.93092e-07
1.26608e-05 -2.11102e-05 0 0 5.88581e-07
1.26383e-05 -2.03743e-05 0 0 5.88725e-07
1.1865e-05 -1.91441e-05 0 0 5.93427e-07
1.06507e-05 -1.77997e-05 0 0 5.99989e-07
9.3438e-06 -1.65726e-05 0 0 6.06063e-07
8.15639e-06 -1.55496e-05 0 0 6.10797e-07
7.16846e-06 -1.47415e-05 0 0 6.14224e-07
6.3897e-06 -1.41311e-05 0 0 6.16623e-07
5.80377e-06 -1.36961e-05 0 0 6.18265e-07
5.38954e-06 -1.34176e-05 0 0 6.19344e-07
5.12919e-06 -1.32824e-05 0 0 6.1999e-07
5.01073e-06 -1.32842e-05 0 0 6.20275e-07
5.02855e-06 -1.3423e-05 0 0 6.20232e-07
5.18352e-06 -1.37055e-05 0 0 6.19857e-07
5.48291e-06 -1.41448e-05 0 0 6.19107e-07
5.94034e-06 -1.47601e-05 0 0 6.17894e-07
6.57491e-06 -1.55737e-05 0 0 6.16076e-07
7.40762e-06 -1.66024e-05 0 0 6.13434e-07
8.4508e-06 -1.78342e-05 0 0 6.09688e-07
9.68168e-06 -1.91793e-05 0 0 6.04584e-07
1.09913e-05 -2.04018e-05 0 0 5.98243e-07
1.21266e-05 -2.11193e-05 0 0 5.91884e-07
1.27242e-05 -2.10174e-05 0 0 5.88175e-07
1.2532e-05 -2.01452e-05 0 0 5.89397e-07
1.16359e-05 -1.88635e-05 0 0 5.94738e-07
1.0377e-05 -1.75302e-05 0 0 6.01341e-07
9.08279e-06 -1.63419e-05 0 0 6.07165e-07
7.93349e-06 -1.53642e-05 0 0 6.11609e-07
6.98961e-06 -1.4599e-05 0 0 6.14797e-07
6.25266e-06 -1.40269e-05 0 0 6.17019e-07
5.70414e-06 -1.36258e-05 0 0 6.1853e-07
5.32321e-06 -1.33779e-05 0 0 6.19511e-07
5.09315e-06 -1.32716e-05 0 0 6.20077e-07
5.00328e-06 -1.33016e-05 0 0 6.20293e-07
5.04934e-06 -1.34696e-05 0 0 6.20183e-07
5.23353e-06 -1.37834e-05 0 0 6.19734e-07
5.56447e-06 -1.42576e-05 0 0 6.18896e-07
6.05703e-06 -1.49122e-05 0 0 6.17572e-07
6.73114e-06 -1.57697e-05 0 0 6.15603e-07
7.60724e-06 -1.68432e-05 0 0 6.12756e-07
8.69325e-06 -1.81098e-05 0 0 6.08744e-07
9.95356e-06 -1.94547e-05 0 0 6.03348e-07
1.12531e-05 -2.06063e-05 0 0 5.96852e-07
1.23073e-05 -2.11706e-05 0 0 5.90791e-07
1.27521e-05 -2.08902e-05 0 0 5.87995e-07
1.23944e-05 -1.98986e-05 0 0 5.90255e-07
1.13913e-05 -1.85814e-05 0 0 5.96099e-07
1.01025e-05 -1.72675e-05 0 0 6.02654e-07
8.82846e-06 -1.61206e-05 0 0 6.08204e-07
7.71967e-06 -1.5188e-05 0 0 6.12367e-07
6.81977e-06 -1.44649e-05 0 0 6.1533e-07
6.12377e-06 -1.39301e-05 0 0 6.17385e-07
5.61174e-06 -1.35621e-05 0 0 6.18773e-07
5.26338e-06 -1.33444e-05 0 0 6.1966e-07
5.06315e-06 -1.32666e-05 0 0 6.20149e-07
5.00168e-06 -1.3325e-05 0 0 6.20297e-07
5.07609e-06 -1.35225e-05 0 0 6.20118e-07
5.28987e-06 -1.38682e-05 0 0 6.19594e-07
5.653e-06 -1.43781e-05 0 0 6.18665e-07
6.18156e-06 -1.50732e-05 0 0 6.17222e-07
6.89614e-06 -1.59751e-05 0 0 6.15092e-07
7.81607e-06 -1.70928e-05 0 0 6.12028e-07
8.94358e-06 -1.83895e-05 0 0 6.07738e-07
1.02277e-05 -1.97224e-05 0 0 6.02061e-07
1.15046e-05 -2.0785e-05 0 0 5.95474e-07
1.24609e-05 -2.11837e-05 0 0 5.89842e-07
1.27438e-05 -2.07312e-05 0 0 5.88049e-07
1.2228e-05 -1.96382e-05 0 0 5.91273e-07
1.11347e-05 -1.83001e-05 0 0 5.97486e-07
9.82915e-06 -1.70124e-05 0 0 6.03919e-07
8.58164e-06 -1.59087e-05 0 0 6.09182e-07
7.51504e-06 -1.5021e-05 0 0 6.13072e-07
6.6588e-06 -1.43389e-05 0 0 6.15823e-07
6.00284e-06 -1.38404e-05 0 0 6.17722e-07
5.52641e-06 -1.35049e-05 0 0 6.18995e-07
5.20994e-06 -1.33169e-05 0 0 6.19792e-07
5.03912e-06 -1.32676e-05 0 0 6.20207e-07
5.00595e-06 -1.33544e-05 0 0 6.20286e-07
5.10884e-06 -1.35817e-05 0 0 6.20039e-07
5.35265e-06 -1.39601e-05 0 0 6.19437e-07
5.74868e-06 -1.45067e-05 0 0 6.18412e-07
6.31414e-06 -1.52431e-05 0 0 6.16843e-07
7.07007e-06 -1.619e-05 0 0 6.14541e-07
8.03405e-06 -1.73504e-05 0 0 6.11246e-07
9.20108e-06 -1.86713e-05 0 0 6.0667e-07
1.05021e-05 -1.99788e-05 0 0 6.00729e-07
1.17425e-05 -2.09343e-05 0 0 5.94132e-07
1.25845e-05 -2.11583e-05 0 0 5.89066e-07
1.26996e-05 -2.05438e-05 0 0 5.88333e-07
1.20362e-05 -1.93677e-05 0 0 5.92422e-07
1.08694e-05 -1.80216e-05 0 0 5.98876e-07
9.55888e-06 -1.67656e-05 0 0 6.05129e-07
8.34297e-06 -1.57062e-05 0 0 6.10099e-07
7.31963e-06 -1.48629e-05 0 0 6.13728e-07
6.50651e-06 -1.42208e-05 0 0 6.16279e-07
5.88967e-06 -1.37578e-05 0 0 6.18033e-07
5.44798e-06 -1.34541e-05 0 0 6.19196e-07
5.16278e-06 -1.32954e-05 0 0 6.19908e-07
5.02104e-06 -1.32744e-05 0 0 6.2025e-07
5.01607e-06 -1.33899e-05 0 0 6.20262e-07
5.14766e-06 -1.36475e-05 0 0 6.19945e-07
5.422e-06 -1.40593e-05 0 0 6.19262e-07
5.85166e-06 -1.46434e-05 0 0 6.18136e-07
6.45497e-06 -1.54222e-05 0 0 6.16432e-07
7.25307e-06 -1.64144e-05 0 0 6.13947e-07
8.26102e-06 -1.76154e-05 0 0 6.10408e-07
9.46481e-06 -1.89531e-05 0 0 6.0554e-07
