The five columns in this file are (in order): kinetic energy, potential energy, angular momentum (x,y,z)
0.00445636 -0.00884878 0.000573526 0.000180901 0.021936
0.00450285 -0.00889519 0.000573525 0.000180901 0.021936
0.0045454 -0.00893773 0.000573525 0.000180901 0.021936
0.0045863 -0.00897855 0.000573525 0.000180901 0.021936
0.00462535 -0.00901753 0.000573525 0.000180901 0.021936
0.00466196 -0.00905396 0.000573525 0.000180901 0.021936
0.00468551 -0.0090773 0.000573525 0.000180901 0.021936
0.00470527 -0.00909697 0.000573525 0.000180901 0.021936
0.00472072 -0.00911226 0.000573525 0.000180901 0.021936
0.00472665 -0.00911809 0.000573525 0.000180901 0.021936
0.00472449 -0.00911581 0.000573525 0.000180901 0.021936
0.00471297 -0.00910425 0.000573525 0.000180901 0.021936
0.00470133 -0.00909263 0.000573526 0.000180901 0.021936
0.00468258 -0.00907376 0.000573526 0.000180901 0.021936
0.00465269 -0.00904385 0.000573526 0.000180901 0.021936
0.00462059 -0.00901175 0.000573526 0.000180901 0.021936
0.00458445 -0.0089756 0.000573526 0.000180901 0.021936
0.00454777 -0.00893893 0.000573526 0.000180901 0.021936
0.00450406 -0.00889515 0.000573526 0.000180901 0.021936
0.0044588 -0.00884998 0.000573526 0.000180901 0.021936
0.00441993 -0.00881115 0.000573526 0.000180901 0.021936
0.00437839 -0.00876959 0.000573526 0.000180901 0.021936
0.00433642 -0.00872765 0.000573526 0.000180901 0.021936
0.0042943 -0.00868555 0.000573526 0.000180901 0.021936
0.00425763 -0.00864901 0.000573526 0.000180901 0.021936
0.00422692 -0.0086183 0.000573526 0.000180901 0.021936
0.00419261 -0.00858401 0.000573526 0.000180901 0.021936
0.00416536 -0.00855689 0.000573526 0.000180901 0.021936
0.00414478 -0.00853636 0.000573526 0.000180901 0.021936
0.00412885 -0.00852052 0.000573526 0.000180901 0.021936
0.004115 -0.00850667 0.000573526 0.000180901 0.021936
0.0041017 -0.00849346 0.000573526 0.000180901 0.021936
0.00410021 -0.00849212 0.000573526 0.000180901 0.021936
0.00410278 -0.0084947 0.000573526 0.000180901 0.021936
0.00410662 -0.00849861 0.000573526 0.000180901 0.021936
0.00411696 -0.008509 0.000573526 0.000180901 0.021936
0.00413288 -0.00852499 0.000573526 0.000180901 0.021936
0.00415732 -0.00854943 0.000573525 0.000180901 0.021936
0.00417917 -0.00857117 0.000573525 0.000180901 0.021936
0.0042042 -0.00859621 0.000573525 0.000180901 0.021936
0.0042384 -0.00863036 0.000573525 0.000180901 0.021936
0.00427455 -0.00866645 0.000573525 0.000180901 0.021936
0.00431345 -0.00870529 0.000573525 0.000180901 0.021936
0.00435175 -0.00874356 0.000573525 0.000180901 0.021936
0.00439663 -0.00878853 0.000573526 0.000180901 0.021936
0.00444535 -0.0088372 0.000573526 0.000180901 0.021936
0.00448765 -0.00887949 0.000573526 0.000180901 0.021936
0.00453206 -0.00892396 0.000573526 0.000180901 0.021936
0.00457709 -0.00896902 0.000573526 0.000180901 0.021936
0.00462362 -0.00901558 0.000573526 0.000180901 0.021936
0.00466536 -0.00905724 0.000573526 0.000180901 0.021936
0.00469978 -0.00909168 0.000573526 0.000180901 0.021936
0.00473663 -0.00912855 0.000573526 0.000180901 0.021936
0.00476663 -0.00915846 0.000573526 0.000180901 0.021936
0.00478797 -0.00917976 0.000573526 0.000180901 0.021936
0.00480179 -0.00919351 0.000573526 0.000180901 0.021936
0.00480993 -0.00920166 0.000573526 0.000180901 0.021936
0.00481647 -0.00920815 0.000573526 0.000180901 0.021936
0.00480946 -0.00920101 0.000573526 0.000180901 0.021936
0.00479493 -0.00918648 0.000573526 0.000180901 0.021936
0.00477673 -0.00916823 0.000573526 0.000180901 0.021936
0.00475142 -0.00914289 0.000573526 0.000180901 0.021936
0.00471998 -0.00911138 0.000573526 0.000180901 0.021936
0.00467849 -0.00906985 0.000573526 0.000180901 0.021936
0.00463836 -0.0090298 0.000573526 0.000180901 0.021936
0.00459785 -0.00898925 0.000573526 0.000180901 0.021936
0.00455023 -0.00894161 0.000573526 0.000180901 0.021936
0.004502 -0.00889341 0.000573526 0.000180901 0.021936
0.00445257 -0.008844 0.000573526 0.000180901 0.021936
0.00440767 -0.00879915 0.000573526 0.000180901 0.021936
0.00436057 -0.00875197 0.000573525 0.000180901 0.021936
0.00431132 -0.00870274 0.000573525 0.000180901 0.021936
0.00427069 -0.00866211 0.000573525 0.000180901 0.021936
0.00423257 -0.00862392 0.000573525 0.000180901 0.021936
0.0041973 -0.00858857 0.000573525 0.000180901 0.021936
0.00416183 -0.008553 0.000573525 0.000180901 0.021936
0.004131 -0.00852221 0.000573525 0.000180901 0.021936
0.0041098 -0.008501 0.000573526 0.000180901 0.021936
0.00408722 -0.0084784 0.000573526 0.000180901 0.021936
0.00406935 -0.00846062 0.000573526 0.000180901 0.021936
0.00405847 -0.00844981 0.000573526 0.000180901 0.021936
0.00405479 -0.00844624 0.000573526 0.000180901 0.021936
0.00405624 -0.0084477 0.000573526 0.000180901 0.021936
0.00405566 -0.00844718 0.000573526 0.000180901 0.021936
0.00406469 -0.00845636 0.000573526 0.000180901 0.021936
0.00408037 -0.00847207 0.000573526 0.000180901 0.021936
0.00409797 -0.00848973 0.000573526 0.000180901 0.021936
0.00411966 -0.00851147 0.000573526 0.000180901 0.021936
0.00414498 -0.00853689 0.000573526 0.000180901 0.021936
0.00418072 -0.00857273 0.000573526 0.000180901 0.021936
0.00421612 -0.00860809 0.000573526 0.000180901 0.021936
0.00425012 -0.00864216 0.000573526 0.000180901 0.021936
0.00429071 -0.00868281 0.000573526 0.000180901 0.021936
0.00433354 -0.00872569 0.000573526 0.000180901 0.021936
0.00437918 -0.00877135 0.000573526 0.000180901 0.021936
0.00442037 -0.00881251 0.000573526 0.000180901 0.021936
0.00446353 -0.00885577 0.000573526 0.000180901 0.021936
0.0045111 -0.00890333 0.000573526 0.000180901 0.021936
0.00455124 -0.00894342 0.000573526 0.000180901 0.021936
0.00458726 -0.00897945 0.000573526 0.000180901 0.021936
0.00461893 -0.00901109 0.000573526 0.000180901 0.021936
0.00464988 -0.00904209 0.000573526 0.000180901 0.021936
0.00467593 -0.00906803 0.000573525 0.000180901 0.021936
0.00468934 -0.00908138 0.000573525 0.000180901 0.021936
0.00470117 -0.00909318 0.000573525 0.000180901 0.021936
0.00470711 -0.00909899 0.000573525 0.000180901 0.021936
0.00470446 -0.00909621 0.000573525 0.000180901 0.021936
0.00469165 -0.00908318 0.000573525 0.000180901 0.021936
0.0046704 -0.00906182 0.000573525 0.000180901 0.021936
0.00465001 -0.00904132 0.000573525 0.000180901 0.021936
0.00462059 -0.0090117 0.000573525 0.000180901 0.021936
0.00458348 -0.00897452 0.000573525 0.000180901 0.021936
0.0045448 -0.00893579 0.000573525 0.000180901 0.021936
0.00450371 -0.00889471 0.000573526 0.000180901 0.021936
0.00446238 -0.00885335 0.000573526 0.000180901 0.021936
0.0044129 -0.00880383 0.000573526 0.000180901 0.021936
0.00436557 -0.00875661 0.000573526 0.000180901 0.021936
0.00432379 -0.00871486 0.000573526 0.000180901 0.021936
0.0042807 -0.00867179 0.000573526 0.000180901 0.021936
0.00423922 -0.00863034 0.000573526 0.000180901 0.021936
0.00419814 -0.00858932 0.000573526 0.000180901 0.021936
0.00416498 -0.00855628 0.000573526 0.000180901 0.021936
0.00413502 -0.00852629 0.000573526 0.000180901 0.021936
0.00410267 -0.00849401 0.000573526 0.000180901 0.021936
0.0040787 -0.00847014 0.000573526 0.000180901 0.021936
0.00406047 -0.00845198 0.000573526 0.000180901 0.021936
0.00404905 -0.00844064 0.000573526 0.000180901 0.021936
0.00403882 -0.00843041 0.000573526 0.000180901 0.021936
0.00403159 -0.0084233 0.000573526 0.000180901 0.021936
0.00403579 -0.00842759 0.000573526 0.000180901 0.021936
0.00404163 -0.00843346 0.000573526 0.000180901 0.021936
0.00405068 -0.00844259 0.000573526 0.000180901 0.021936
0.00406496 -0.00845694 0.000573526 0.000180901 0.021936
0.0040866 -0.00847872 0.000573526 0.000180901 0.021936
0.00411673 -0.00850889 0.000573526 0.000180901 0.021936
0.00414405 -0.00853622 0.000573526 0.000180901 0.021936
0.00417719 -0.00856948 0.000573526 0.000180901 0.021936
0.00421689 -0.00860921 0.000573526 0.000180901 0.021936
0.00425906 -0.00865141 0.000573526 0.000180901 0.021936
0.00430321 -0.00869552 0.000573525 0.000180901 0.021936
0.00434627 -0.00873855 0.000573525 0.000180901 0.021936
0.00439759 -0.00878988 0.000573525 0.000180901 0.021936
0.00444996 -0.00884208 0.000573525 0.000180901 0.021936
0.0044969 -0.00888892 0.000573525 0.000180901 0.021936
0.00454442 -0.00893636 0.000573525 0.000180901 0.021936
0.00459021 -0.0089821 0.000573525 0.000180901 0.021936
0.00463731 -0.00902916 0.000573525 0.000180901 0.021936
0.00467621 -0.00906795 0.000573525 0.000180901 0.021936
0.00470945 -0.00910122 0.000573526 0.000180901 0.021936
0.00474419 -0.00913594 0.000573526 0.000180901 0.021936
0.00477107 -0.00916276 0.000573526 0.000180901 0.021936
0.00479004 -0.00918167 0.000573526 0.000180901 0.021936
0.00479873 -0.00919029 0.000573526 0.000180901 0.021936
0.00480307 -0.00919466 0.000573526 0.000180901 0.021936
0.00480405 -0.00919555 0.000573526 0.000180901 0.021936
0.00479102 -0.00918243 0.000573526 0.000180901 0.021936
0.00477308 -0.00916449 0.000573526 0.000180901 0.021936
0.00475084 -0.00914221 0.000573526 0.000180901 0.021936
0.00472416 -0.00911552 0.000573526 0.000180901 0.021936
0.00469016 -0.00908141 0.000573526 0.000180901 0.021936
0.00464668 -0.00903793 0.000573526 0.000180901 0.021936
0.00460668 -0.00899799 0.000573526 0.000180901 0.021936
0.00456459 -0.00895585 0.000573526 0.000180901 0.021936
0.00451808 -0.00890935 0.000573526 0.000180901 0.021936
0.00447158 -0.00886286 0.000573526 0.000180901 0.021936
0.00442602 -0.00881739 0.000573526 0.000180901 0.021936
0.00438667 -0.00877808 0.000573526 0.000180901 0.021936
0.00434279 -0.00873416 0.000573526 0.000180901 0.021936
0.00429957 -0.00869104 0.000573526 0.000180901 0.021936
0.00426442 -0.00865597 0.000573526 0.000180901 0.021936
0.00423241 -0.00862403 0.000573526 0.000180901 0.021936
0.00420456 -0.0085962 0.000573526 0.000180901 0.021936
0.00417644 -0.00856809 0.000573526 0.000180901 0.021936
0.00415664 -0.00854839 0.000573526 0.000180901 0.021936
0.00414436 -0.00853606 0.000573525 0.000180901 0.021936
0.00412995 -0.00852157 0.000573525 0.000180901 0.021936
0.00412092 -0.00851252 0.000573525 0.000180901 0.021936
0.00411715 -0.0085087 0.000573525 0.000180901 0.021936
0.00412198 -0.00851354 0.000573525 0.000180901 0.021936
0.00412968 -0.00852116 0.000573526 0.000180901 0.021936
0.00413707 -0.0085286 0.000573526 0.000180901 0.021936
0.00415511 -0.00854672 0.000573526 0.000180901 0.021936
0.00417677 -0.00856841 0.000573526 0.000180901 0.021936
0.00420085 -0.00859255 0.000573526 0.000180901 0.021936
0.00422691 -0.00861864 0.000573526 0.000180901 0.021936
0.00425746 -0.00864931 0.000573526 0.000180901 0.021936
0.00429784 -0.00868976 0.000573526 0.000180901 0.021936
0.00433565 -0.00872754 0.000573526 0.000180901 0.021936
0.00437448 -0.00876646 0.000573526 0.000180901 0.021936
0.00441739 -0.00880939 0.000573526 0.000180901 0.021936
0.00446136 -0.00885341 0.000573526 0.000180901 0.021936
0.00450592 -0.00889795 0.000573526 0.000180901 0.021936
0.00454364 -0.00893565 0.000573526 0.000180901 0.021936
0.00458444 -0.00897653 0.000573526 0.000180901 0.021936
0.00462602 -0.00901807 0.000573526 0.000180901 0.021936
0.0046601 -0.00905211 0.000573526 0.000180901 0.021936
0.00468937 -0.00908134 0.000573526 0.000180901 0.021936
0.00471168 -0.00910362 0.000573526 0.000180901 0.021936
0.00473286 -0.00912481 0.000573526 0.000180901 0.021936
0.00474498 -0.0091368 0.000573526 0.000180901 0.021936
0.00474535 -0.00913715 0.000573526 0.000180901 0.021936
0.00474392 -0.00913571 0.000573526 0.000180901 0.021936
0.00473567 -0.00912741 0.000573526 0.000180901 0.021936
0.00472106 -0.00911275 0.000573526 0.000180901 0.021936
0.00469521 -0.0090868 0.000573526 0.000180901 0.021936
0.00466324 -0.00905485 0.000573525 0.000180901 0.021936
0.00463195 -0.00902352 0.000573525 0.000180901 0.021936
0.0045913 -0.00898274 0.000573525 0.000180901 0.021936
0.00454627 -0.00893766 0.000573525 0.000180901 0.021936
0.00449955 -0.00889083 0.000573525 0.000180901 0.021936
0.00445374 -0.00884497 0.000573525 0.000180901 0.021936
0.00440804 -0.00879911 0.000573525 0.000180901 0.021936
0.00435449 -0.00874544 0.000573525 0.000180901 0.021936
0.00430545 -0.00869643 0.000573525 0.000180901 0.021936
0.00426025 -0.0086512 0.000573526 0.000180901 0.021936
0.00421579 -0.00860676 0.000573526 0.000180901 0.021936
0.00417315 -0.00856413 0.000573526 0.000180901 0.021936
0.00413241 -0.00852348 0.000573526 0.000180901 0.021936
0.00410248 -0.00849367 0.000573526 0.000180901 0.021936
0.00407397 -0.00846514 0.000573526 0.000180901 0.021936
0.00404505 -0.0084363 0.000573526 0.000180901 0.021936
0.00402389 -0.00841523 0.000573526 0.000180901 0.021936
0.0040084 -0.00839985 0.000573526 0.000180901 0.021936
0.00400072 -0.00839223 0.000573526 0.000180901 0.021936
0.00399272 -0.00838424 0.000573526 0.000180901 0.021936
0.00399119 -0.00838286 0.000573526 0.000180901 0.021936
0.00400066 -0.0083924 0.000573526 0.000180901 0.021936
0.00401111 -0.00840287 0.000573526 0.000180901 0.021936
0.00402516 -0.008417 0.000573526 0.000180901 0.021936
0.00404258 -0.00843448 0.000573526 0.000180901 0.021936
0.00406919 -0.00846123 0.000573526 0.000180901 0.021936
0.00410203 -0.00849407 0.000573526 0.000180901 0.021936
0.00413236 -0.00852444 0.000573526 0.000180901 0.021936
0.00417053 -0.00856273 0.000573526 0.000180901 0.021936
0.00421341 -0.00860565 0.000573526 0.000180901 0.021936
0.00425907 -0.00865136 0.000573526 0.000180901 0.021936
0.00430377 -0.00869604 0.000573526 0.000180901 0.021936
0.00434755 -0.00873991 0.000573526 0.000180901 0.021936
0.00439966 -0.0087921 0.000573526 0.000180901 0.021936
0.00444965 -0.00884203 0.000573526 0.000180901 0.021936
0.00449584 -0.00888823 0.000573525 0.000180901 0.021936
0.00454128 -0.00893361 0.000573525 0.000180901 0.021936
0.00458449 -0.00897678 0.000573525 0.000180901 0.021936
0.00462672 -0.00901887 0.000573525 0.000180901 0.021936
0.00465689 -0.00904882 0.000573525 0.000180901 0.021936
0.00468256 -0.00907441 0.000573525 0.000180901 0.021936
0.00470669 -0.00909839 0.000573525 0.000180901 0.021936
0.00472244 -0.009114 0.000573525 0.000180901 0.021936
0.0047305 -0.00912193 0.000573525 0.000180901 0.021936
0.00472777 -0.00911911 0.000573525 0.000180901 0.021936
0.00472261 -0.00911396 0.000573525 0.000180901 0.021936
0.00471127 -0.0091025 0.000573526 0.000180901 0.021936
0.00468727 -0.00907846 0.000573526 0.000180901 0.021936
0.00466034 -0.00905153 0.000573526 0.000180901 0.021936
0.00462941 -0.00902059 0.000573526 0.000180901 0.021936
0.00459751 -0.0089887 0.000573526 0.000180901 0.021936
0.0045586 -0.0089497 0.000573526 0.000180901 0.021936
0.00451411 -0.00890526 0.000573526 0.000180901 0.021936
0.00447429 -0.00886549 0.000573526 0.000180901 0.021936
0.00443164 -0.00882281 0.000573526 0.000180901 0.021936
0.00438766 -0.00877886 0.000573526 0.000180901 0.021936
0.00434368 -0.00873489 0.000573526 0.000180901 0.021936
0.00430377 -0.00869509 0.000573526 0.000180901 0.021936
0.00427104 -0.00866239 0.000573526 0.000180901 0.021936
0.00423415 -0.00862549 0.000573526 0.000180901 0.021936
0.00420104 -0.00859248 0.000573526 0.000180901 0.021936
0.00417408 -0.00856558 0.000573526 0.000180901 0.021936
0.00415145 -0.00854303 0.000573526 0.000180901 0.021936
0.00413263 -0.00852423 0.000573526 0.000180901 0.021936
0.00411383 -0.00850551 0.000573526 0.000180901 0.021936
0.0041062 -0.00849803 0.000573526 0.000180901 0.021936
0.00410463 -0.00849648 0.000573526 0.000180901 0.021936
0.00410303 -0.00849494 0.000573526 0.000180901 0.021936
0.00410654 -0.00849851 0.000573526 0.000180901 0.021936
0.00411453 -0.00850657 0.000573526 0.000180901 0.021936
0.00413221 -0.00852431 0.000573526 0.000180901 0.021936
0.00415011 -0.00854212 0.000573525 0.000180901 0.021936
0.00416992 -0.00856195 0.000573525 0.000180901 0.021936
0.00419987 -0.00859188 0.000573525 0.000180901 0.021936
0.0042326 -0.00862453 0.000573525 0.000180901 0.021936
0.00426787 -0.00865973 0.000573525 0.000180901 0.021936
0.00430179 -0.00869358 0.000573525 0.000180901 0.021936
0.00434099 -0.00873285 0.000573525 0.000180901 0.021936
0.00438741 -0.00877926 0.000573526 0.000180901 0.021936
0.00442945 -0.00882127 0.000573526 0.000180901 0.021936
0.00447356 -0.00886545 0.000573526 0.000180901 0.021936
0.00451957 -0.00891148 0.000573526 0.000180901 0.021936
0.00456745 -0.00895942 0.000573526 0.000180901 0.021936
0.00461232 -0.00900421 0.000573526 0.000180901 0.021936
0.0046486 -0.00904049 0.000573526 0.000180901 0.021936
0.00468784 -0.00907979 0.000573526 0.000180901 0.021936
0.00472396 -0.00911585 0.000573526 0.000180901 0.021936
0.00475283 -0.00914469 0.000573526 0.000180901 0.021936
0.00477521 -0.009167 0.000573526 0.000180901 0.021936
0.00479101 -0.0091828 0.000573526 0.000180901 0.021936
0.00480567 -0.00919742 0.000573526 0.000180901 0.021936
0.00480739 -0.00919899 0.000573526 0.000180901 0.021936
0.00479898 -0.00919058 0.000573526 0.000180901 0.021936
0.00478757 -0.00917913 0.000573526 0.000180901 0.021936
0.00476966 -0.00916119 0.000573526 0.000180901 0.021936
0.00474641 -0.00913787 0.000573526 0.000180901 0.021936
0.00471191 -0.0091033 0.000573526 0.000180901 0.021936
0.00467558 -0.00906703 0.000573526 0.000180901 0.021936
0.00463874 -0.00903015 0.000573526 0.000180901 0.021936
0.00459296 -0.00898433 0.000573526 0.000180901 0.021936
0.00454483 -0.00893622 0.000573526 0.000180901 0.021936
0.00449511 -0.00888652 0.000573526 0.000180901 0.021936
0.00444963 -0.00884112 0.000573526 0.000180901 0.021936
0.00440358 -0.008795 0.000573526 0.000180901 0.021936
0.00435279 -0.00874422 0.000573525 0.000180901 0.021936
0.0043088 -0.00870024 0.000573525 0.000180901 0.021936
0.00426678 -0.00865815 0.000573525 0.000180901 0.021936
0.00422668 -0.00861799 0.000573525 0.000180901 0.021936
0.00418679 -0.00857799 0.000573525 0.000180901 0.021936
0.00415037 -0.00854158 0.000573525 0.000180901 0.021936
0.00412494 -0.00851615 0.000573525 0.000180901 0.021936
0.00409937 -0.00849052 0.000573526 0.000180901 0.021936
0.00407642 -0.00846763 0.000573526 0.000180901 0.021936
0.00405963 -0.00845089 0.000573526 0.000180901 0.021936
0.00404856 -0.00843992 0.000573526 0.000180901 0.021936
0.0040441 -0.00843549 0.000573526 0.000180901 0.021936
0.00403796 -0.00842939 0.000573526 0.000180901 0.021936
0.00404073 -0.00843232 0.000573526 0.000180901 0.021936
0.0040523 -0.00844395 0.000573526 0.000180901 0.021936
0.00406599 -0.0084577 0.000573526 0.000180901 0.021936
0.00408344 -0.00847519 0.000573526 0.000180901 0.021936
0.00410277 -0.00849459 0.000573526 0.000180901 0.021936
0.00413189 -0.00852384 0.000573526 0.000180901 0.021936
0.00416369 -0.00855561 0.000573526 0.000180901 0.021936
0.00419398 -0.00858597 0.000573526 0.000180901 0.021936
0.00423188 -0.00862394 0.000573526 0.000180901 0.021936
0.00427325 -0.00866537 0.000573526 0.000180901 0.021936
0.00431859 -0.00871074 0.000573526 0.000180901 0.021936
0.00436014 -0.00875225 0.000573526 0.000180901 0.021936
0.00440136 -0.00879356 0.000573526 0.000180901 0.021936
0.00444881 -0.00884104 0.000573526 0.000180901 0.021936
0.00449164 -0.00888384 0.000573526 0.000180901 0.021936
0.00453157 -0.00892378 0.000573526 0.000180901 0.021936
0.00456864 -0.00896084 0.000573526 0.000180901 0.021936
0.00460518 -0.00899743 0.000573526 0.000180901 0.021936
0.00463938 -0.00903155 0.000573526 0.000180901 0.021936
0.00466014 -0.00905222 0.000573526 0.000180901 0.021936
0.00467757 -0.00906966 0.000573525 0.000180901 0.021936
0.00469086 -0.00908285 0.000573525 0.000180901 0.021936
0.00469685 -0.00908874 0.000573525 0.000180901 0.021936
0.00469423 -0.00908594 0.000573525 0.000180901 0.021936
0.00468166 -0.00907324 0.000573525 0.000180901 0.021936
0.00466915 -0.00906062 0.000573525 0.000180901 0.021936
0.00464829 -0.00903953 0.000573525 0.000180901 0.021936
0.00461644 -0.00900756 0.000573525 0.000180901 0.021936
0.00458131 -0.00897235 0.000573525 0.000180901 0.021936
0.00454284 -0.00893387 0.000573525 0.000180901 0.021936
0.00450511 -0.00889611 0.000573526 0.000180901 0.021936
0.0044595 -0.00885043 0.000573526 0.000180901 0.021936
0.00441278 -0.0088038 0.000573526 0.000180901 0.021936
0.00437138 -0.00876243 0.000573526 0.000180901 0.021936
0.00432746 -0.00871851 0.000573526 0.000180901 0.021936
0.00428332 -0.00867439 0.000573526 0.000180901 0.021936
0.00423835 -0.00862946 0.000573526 0.000180901 0.021936
0.00420043 -0.00859167 0.000573526 0.000180901 0.021936
0.00416842 -0.00855966 0.000573526 0.000180901 0.021936
0.00413333 -0.00852461 0.000573526 0.000180901 0.021936
0.00410498 -0.00849636 0.000573526 0.000180901 0.021936
0.00408202 -0.00847346 0.000573526 0.000180901 0.021936
0.00406469 -0.0084562 0.000573526 0.000180901 0.021936
0.00404898 -0.00844049 0.000573526 0.000180901 0.021936
0.00403454 -0.00842616 0.000573526 0.000180901 0.021936
0.00403248 -0.00842423 0.000573526 0.000180901 0.021936
0.00403449 -0.00842625 0.000573526 0.000180901 0.021936
0.00403908 -0.00843093 0.000573526 0.000180901 0.021936
0.00404865 -0.00844055 0.000573526 0.000180901 0.021936
0.00406377 -0.00845579 0.000573526 0.000180901 0.021936
0.00408794 -0.00848002 0.000573526 0.000180901 0.021936
0.00411004 -0.00850212 0.000573526 0.000180901 0.021936
0.00413687 -0.00852909 0.000573526 0.000180901 0.021936
0.00417253 -0.00856481 0.000573526 0.000180901 0.021936
0.0042118 -0.00860414 0.000573526 0.000180901 0.021936
0.00425439 -0.00864672 0.000573526 0.000180901 0.021936
0.0042952 -0.0086875 0.000573525 0.000180901 0.021936
0.00434279 -0.00873512 0.000573525 0.000180901 0.021936
0.00439376 -0.00878596 0.000573525 0.000180901 0.021936
0.00443989 -0.00883198 0.000573525 0.000180901 0.021936
0.00448782 -0.00887983 0.000573525 0.000180901 0.021936
0.00453566 -0.00892761 0.000573525 0.000180901 0.021936
0.00458631 -0.00897823 0.000573525 0.000180901 0.021936
0.00463129 -0.00902308 0.000573525 0.000180901 0.021936
0.00466868 -0.00906047 0.000573525 0.000180901 0.021936
0.00470762 -0.0090994 0.000573526 0.000180901 0.021936
0.00474033 -0.00913206 0.000573526 0.000180901 0.021936
0.00476639 -0.00915808 0.000573526 0.000180901 0.021936
0.0047838 -0.00917542 0.000573526 0.000180901 0.021936
0.00479622 -0.00918787 0.000573526 0.000180901 0.021936
0.00480715 -0.00919874 0.000573526 0.000180901 0.021936
0.00480425 -0.00919573 0.000573526 0.000180901 0.021936
0.00479342 -0.00918488 0.000573526 0.000180901 0.021936
0.00477738 -0.00916879 0.000573526 0.000180901 0.021936
0.00475608 -0.00914748 0.000573526 0.000180901 0.021936
0.00472898 -0.00912029 0.000573526 0.000180901 0.021936
0.00469113 -0.00908241 0.000573526 0.000180901 0.021936
0.00465483 -0.00904617 0.000573526 0.000180901 0.021936
0.00461714 -0.00900842 0.000573526 0.000180901 0.021936
0.00457288 -0.00896415 0.000573526 0.000180901 0.021936
0.00452624 -0.0089175 0.000573526 0.000180901 0.021936
0.00447804 -0.00886935 0.000573526 0.000180901 0.021936
0.00443598 -0.00882736 0.000573526 0.000180901 0.021936
0.00439143 -0.00878277 0.000573526 0.000180901 0.021936
0.00434534 -0.00873676 0.000573526 0.000180901 0.021936
0.004307 -0.0086985 0.000573526 0.000180901 0.021936
0.00427143 -0.00866298 0.000573526 0.000180901 0.021936
0.00423926 -0.00863084 0.000573526 0.000180901 0.021936
0.00420545 -0.00859704 0.000573526 0.000180901 0.021936
0.00417767 -0.00856937 0.000573526 0.000180901 0.021936
0.00415981 -0.00855151 0.000573525 0.000180901 0.021936
0.00414121 -0.00853286 0.000573525 0.000180901 0.021936
0.00412724 -0.00851887 0.000573525 0.000180901 0.021936
0.00411848 -0.00851006 0.000573525 0.000180901 0.021936
0.00411735 -0.00850893 0.000573525 0.000180901 0.021936
0.00412007 -0.00851153 0.000573525 0.000180901 0.021936
0.00412038 -0.00851184 0.000573526 0.000180901 0.021936
0.00413076 -0.00852231 0.000573526 0.000180901 0.021936
0.00414739 -0.00853896 0.000573526 0.000180901 0.021936
0.00416741 -0.00855904 0.000573526 0.000180901 0.021936
0.00419022 -0.00858189 0.000573526 0.000180901 0.021936
0.00421617 -0.00860794 0.000573526 0.000180901 0.021936
0.00425227 -0.00864413 0.000573526 0.000180901 0.021936
0.0042871 -0.00867893 0.000573526 0.000180901 0.021936
0.00432152 -0.00871344 0.000573526 0.000180901 0.021936
0.00436166 -0.00875363 0.000573526 0.000180901 0.021936
0.0044046 -0.00879664 0.000573526 0.000180901 0.021936
0.00445085 -0.00884289 0.000573526 0.000180901 0.021936
0.00449123 -0.00888324 0.000573526 0.000180901 0.021936
0.00453334 -0.00892544 0.000573526 0.000180901 0.021936
0.00457801 -0.00897008 0.000573526 0.000180901 0.021936
0.00461577 -0.0090078 0.000573526 0.000180901 0.021936
0.00464956 -0.00904157 0.000573526 0.000180901 0.021936
0.00467781 -0.0090698 0.000573526 0.000180901 0.021936
0.00470617 -0.00909819 0.000573526 0.000180901 0.021936
0.00472878 -0.00912069 0.000573526 0.000180901 0.021936
0.00473858 -0.00913044 0.000573526 0.000180901 0.021936
0.00474541 -0.00913726 0.000573526 0.000180901 0.021936
0.00474513 -0.00913692 0.000573526 0.000180901 0.021936
0.00473805 -0.0091298 0.000573526 0.000180901 0.021936
0.0047205 -0.00911214 0.000573526 0.000180901 0.021936
0.00469517 -0.00908683 0.000573526 0.000180901 0.021936
0.00467107 -0.00906272 0.000573525 0.000180901 0.021936
0.00463823 -0.00902977 0.000573525 0.000180901 0.021936
0.00459843 -0.0089899 0.000573525 0.000180901 0.021936
0.00455496 -0.00894633 0.000573525 0.000180901 0.021936
0.00450965 -0.00890096 0.000573525 0.000180901 0.021936
0.00446507 -0.00885623 0.000573525 0.000180901 0.021936
0.00441228 -0.00880329 0.000573525 0.000180901 0.021936
0.00436205 -0.00875306 0.000573525 0.000180901 0.021936
0.0043164 -0.00870737 0.000573525 0.000180901 0.021936
0.00427073 -0.00866169 0.000573526 0.000180901 0.021936
0.00422597 -0.00861691 0.000573526 0.000180901 0.021936
0.00418026 -0.00857125 0.000573526 0.000180901 0.021936
0.00414368 -0.00853479 0.000573526 0.000180901 0.021936
0.00411079 -0.0085019 0.000573526 0.000180901 0.021936
0.00407693 -0.00846811 0.000573526 0.000180901 0.021936
0.00405083 -0.00844211 0.000573526 0.000180901 0.021936
0.00403038 -0.00842175 0.000573526 0.000180901 0.021936
0.00401796 -0.00840941 0.000573526 0.000180901 0.021936
0.00400525 -0.00839669 0.000573526 0.000180901 0.021936
0.00399564 -0.00838721 0.000573526 0.000180901 0.021936
0.00399763 -0.00838929 0.000573526 0.000180901 0.021936
0.00400243 -0.00839413 0.000573526 0.000180901 0.021936
0.0040115 -0.00840327 0.000573526 0.000180901 0.021936
0.00402436 -0.00841619 0.000573526 0.000180901 0.021936
0.00404546 -0.00843743 0.000573526 0.000180901 0.021936
0.00407468 -0.00846667 0.000573526 0.000180901 0.021936
0.00410049 -0.00849249 0.000573526 0.000180901 0.021936
0.00413222 -0.00852434 0.000573526 0.000180901 0.021936
0.00417023 -0.00856241 0.000573526 0.000180901 0.021936
0.0042127 -0.00860496 0.000573526 0.000180901 0.021936
0.00425687 -0.00864913 0.000573526 0.000180901 0.021936
0.00429958 -0.0086919 0.000573526 0.000180901 0.021936
0.00435093 -0.00874336 0.000573526 0.000180901 0.021936
0.00440248 -0.00879487 0.000573526 0.000180901 0.021936
0.00444938 -0.00884177 0.000573526 0.000180901 0.021936
0.00449608 -0.00888845 0.000573525 0.000180901 0.021936
0.00454162 -0.00893398 0.000573525 0.000180901 0.021936
0.00458938 -0.00898167 0.000573525 0.000180901 0.021936
0.00462787 -0.00901995 0.000573525 0.000180901 0.021936
0.00466053 -0.00905253 0.000573525 0.000180901 0.021936
0.00469283 -0.00908468 0.000573525 0.000180901 0.021936
0.00471681 -0.0091085 0.000573525 0.000180901 0.021936
0.00473289 -0.00912443 0.000573525 0.000180901 0.021936
0.00473781 -0.00912923 0.000573525 0.000180901 0.021936
0.00473969 -0.00913111 0.000573525 0.000180901 0.021936
0.00473814 -0.00912947 0.000573525 0.000180901 0.021936
0.00472348 -0.00911473 0.000573526 0.000180901 0.021936
0.00470391 -0.00909515 0.000573526 0.000180901 0.021936
0.00467903 -0.00907024 0.000573526 0.000180901 0.021936
0.00465113 -0.00904234 0.000573526 0.000180901 0.021936
0.00461623 -0.00900735 0.000573526 0.000180901 0.021936
0.00457316 -0.0089643 0.000573526 0.000180901 0.021936
0.00453445 -0.00892565 0.000573526 0.000180901 0.021936
0.00449405 -0.00888522 0.000573526 0.000180901 0.021936
0.00445108 -0.00884226 0.000573526 0.000180901 0.021936
0.00440688 -0.00879806 0.000573526 0.000180901 0.021936
0.00436365 -0.00875491 0.000573526 0.000180901 0.021936
0.00432714 -0.00871844 0.000573526 0.000180901 0.021936
0.00428676 -0.00867803 0.000573526 0.000180901 0.021936
0.00424837 -0.00863974 0.000573526 0.000180901 0.021936
0.00421724 -0.00860867 0.000573526 0.000180901 0.021936
0.00419047 -0.00858199 0.000573526 0.000180901 0.021936
0.00416828 -0.00855983 0.000573526 0.000180901 0.021936
0.00414455 -0.00853614 0.000573526 0.000180901 0.021936
0.00412926 -0.008521 0.000573526 0.000180901 0.021936
0.00412122 -0.00851299 0.000573526 0.000180901 0.021936
0.00411318 -0.00850501 0.000573526 0.000180901 0.021936
0.00411071 -0.00850261 0.000573526 0.000180901 0.021936
0.00411306 -0.00850505 0.000573526 0.000180901 0.021936
0.00412549 -0.00851757 0.000573526 0.000180901 0.021936
0.00414009 -0.0085321 0.000573526 0.000180901 0.021936
0.004154 -0.00854603 0.000573525 0.000180901 0.021936
0.00417716 -0.00856919 0.000573525 0.000180901 0.021936
0.004204 -0.00859596 0.000573525 0.000180901 0.021936
0.00423464 -0.00862653 0.000573525 0.000180901 0.021936
0.00426551 -0.00865731 0.000573525 0.000180901 0.021936
0.00430078 -0.00869263 0.000573525 0.000180901 0.021936
0.00434528 -0.00873713 0.000573525 0.000180901 0.021936
0.00438655 -0.00877835 0.000573526 0.000180901 0.021936
0.00442812 -0.00881996 0.000573526 0.000180901 0.021936
0.00447185 -0.00886372 0.000573526 0.000180901 0.021936
0.00451812 -0.00891006 0.000573526 0.000180901 0.021936
0.00456514 -0.00895704 0.000573526 0.000180901 0.021936
0.00460452 -0.00899641 0.000573526 0.000180901 0.021936
0.00464687 -0.00903884 0.000573526 0.000180901 0.021936
0.0046887 -0.00908063 0.000573526 0.000180901 0.021936
0.00472354 -0.00911543 0.000573526 0.000180901 0.021936
0.00475179 -0.00914362 0.000573526 0.000180901 0.021936
0.00477258 -0.0091644 0.000573526 0.000180901 0.021936
0.00479357 -0.0091854 0.000573526 0.000180901 0.021936
0.00480512 -0.00919681 0.000573526 0.000180901 0.021936
0.00480548 -0.00919714 0.000573526 0.000180901 0.021936
0.0048028 -0.00919443 0.000573526 0.000180901 0.021936
0.00479315 -0.00918474 0.000573526 0.000180901 0.021936
0.0047775 -0.00916902 0.000573526 0.000180901 0.021936
0.00474916 -0.00914057 0.000573526 0.000180901 0.021936
0.00471591 -0.00910738 0.000573526 0.000180901 0.021936
0.00468353 -0.00907497 0.000573526 0.000180901 0.021936
0.00464277 -0.00903416 0.000573526 0.000180901 0.021936
0.00459816 -0.00898955 0.000573526 0.000180901 0.021936
0.00455062 -0.00894201 0.000573526 0.000180901 0.021936
0.00450502 -0.00889649 0.000573526 0.000180901 0.021936
0.00445904 -0.00885044 0.000573526 0.000180901 0.021936
0.00440571 -0.00879711 0.000573526 0.000180901 0.021936
0.00435766 -0.00874911 0.000573525 0.000180901 0.021936
0.0043131 -0.00870452 0.000573525 0.000180901 0.021936
0.00427075 -0.00866212 0.000573525 0.000180901 0.021936
0.00422891 -0.00862017 0.000573525 0.000180901 0.021936
0.00418809 -0.00857932 0.000573525 0.000180901 0.021936
0.00415735 -0.00854857 0.000573525 0.000180901 0.021936
0.00412695 -0.00851807 0.000573525 0.000180901 0.021936
0.00409721 -0.00848836 0.000573526 0.000180901 0.021936
0.00407418 -0.00846537 0.000573526 0.000180901 0.021936
0.00405728 -0.00844857 0.000573526 0.000180901 0.021936
0.00404875 -0.00844009 0.000573526 0.000180901 0.021936
0.00403879 -0.00843015 0.000573526 0.000180901 0.021936
0.00403515 -0.00842665 0.000573526 0.000180901 0.021936
0.00404071 -0.00843227 0.000573526 0.000180901 0.021936
0.00404811 -0.00843973 0.000573526 0.000180901 0.021936
0.00405964 -0.00845132 0.000573526 0.000180901 0.021936
0.00407355 -0.0084653 0.000573526 0.000180901 0.021936
0.00409754 -0.00848943 0.000573526 0.000180901 0.021936
0.00412714 -0.00851903 0.000573526 0.000180901 0.021936
0.00415441 -0.00854634 0.000573526 0.000180901 0.021936
0.00418819 -0.00858021 0.000573526 0.000180901 0.021936
0.00422539 -0.00861745 0.000573526 0.000180901 0.021936
0.00426713 -0.00865925 0.000573526 0.000180901 0.021936
0.00430754 -0.00869962 0.000573526 0.000180901 0.021936
0.00434734 -0.00873951 0.000573526 0.000180901 0.021936
0.00439535 -0.00878758 0.000573526 0.000180901 0.021936
0.00444123 -0.00883344 0.000573526 0.000180901 0.021936
0.00448407 -0.00887629 0.000573526 0.000180901 0.021936
0.00452406 -0.00891626 0.000573526 0.000180901 0.021936
0.0045626 -0.00895486 0.000573526 0.000180901 0.021936
0.00460159 -0.0089938 0.000573526 0.000180901 0.021936
0.0046292 -0.00902133 0.000573526 0.000180901 0.021936
0.00465325 -0.00904541 0.000573525 0.000180901 0.021936
0.00467515 -0.00906725 0.000573525 0.000180901 0.021936
0.00469022 -0.00908224 0.000573525 0.000180901 0.021936
0.00469712 -0.00908898 0.000573525 0.000180901 0.021936
0.00469182 -0.00908353 0.000573525 0.000180901 0.021936
0.00468494 -0.00907657 0.000573525 0.000180901 0.021936
0.00467194 -0.00906333 0.000573525 0.000180901 0.021936
0.00464743 -0.00903867 0.000573525 0.000180901 0.021936
0.00461895 -0.00901008 0.000573525 0.000180901 0.021936
0.00458593 -0.00897701 0.000573525 0.000180901 0.021936
0.00455285 -0.0089439 0.000573525 0.000180901 0.021936
0.00451129 -0.00890222 0.000573526 0.000180901 0.021936
0.00446422 -0.0088552 0.000573526 0.000180901 0.021936
0.00442184 -0.00881286 0.000573526 0.000180901 0.021936
0.00437767 -0.0087687 0.000573526 0.000180901 0.021936
0.00433336 -0.00872441 0.000573526 0.000180901 0.021936
0.00428763 -0.00867869 0.000573526 0.000180901 0.021936
0.00424671 -0.0086379 0.000573526 0.000180901 0.021936
0.00421252 -0.00860372 0.000573526 0.000180901 0.021936
0.00417381 -0.00856501 0.000573526 0.000180901 0.021936
0.00413912 -0.00853042 0.000573526 0.000180901 0.021936
0.00411026 -0.00850162 0.000573526 0.000180901 0.021936
0.00408765 -0.00847911 0.000573526 0.000180901 0.021936
0.00406871 -0.00846017 0.000573526 0.000180901 0.021936
0.00404946 -0.00844099 0.000573526 0.000180901 0.021936
0.00404154 -0.00843321 0.000573526 0.000180901 0.021936
0.00403867 -0.00843037 0.000573526 0.000180901 0.021936
0.00403679 -0.00842855 0.000573526 0.000180901 0.021936
0.00403944 -0.00843126 0.000573526 0.000180901 0.021936
0.00404735 -0.00843928 0.000573526 0.000180901 0.021936
0.0040663 -0.00845834 0.000573526 0.000180901 0.021936
0.00408533 -0.00847736 0.000573526 0.000180901 0.021936
0.00410714 -0.00849929 0.000573526 0.000180901 0.021936
0.00413813 -0.00853035 0.000573526 0.000180901 0.021936
0.00417242 -0.0085647 0.000573526 0.000180901 0.021936
0.00421036 -0.00860265 0.000573526 0.000180901 0.021936
0.0042468 -0.00863908 0.000573526 0.000180901 0.021936
0.00428997 -0.00868233 0.000573525 0.000180901 0.021936
0.00434015 -0.00873243 0.000573525 0.000180901 0.021936
0.0043867 -0.00877887 0.000573525 0.000180901 0.021936
0.00443483 -0.00882693 0.000573525 0.000180901 0.021936
0.00448302 -0.00887502 0.000573525 0.000180901 0.021936
0.0045337 -0.00892567 0.000573525 0.000180901 0.021936
0.0045812 -0.00897303 0.000573525 0.000180901 0.021936
0.00462086 -0.00901266 0.000573525 0.000180901 0.021936
0.00466361 -0.00905544 0.000573525 0.000180901 0.021936
0.00470304 -0.00909482 0.000573526 0.000180901 0.021936
0.00473675 -0.0091285 0.000573526 0.000180901 0.021936
0.00476243 -0.0091541 0.000573526 0.000180901 0.021936
0.00478111 -0.0091728 0.000573526 0.000180901 0.021936
0.00479881 -0.00919046 0.000573526 0.000180901 0.021936
0.00480414 -0.00919567 0.000573526 0.000180901 0.021936
0.00480053 -0.00919204 0.000573526 0.000180901 0.021936
0.0047927 -0.00918417 0.000573526 0.000180901 0.021936
0.00477924 -0.0091707 0.000573526 0.000180901 0.021936
0.00476066 -0.00915204 0.000573526 0.000180901 0.021936
0.00472935 -0.00912065 0.000573526 0.000180901 0.021936
0.00469586 -0.0090872 0.000573526 0.000180901 0.021936
0.00466108 -0.00905237 0.000573526 0.000180901 0.021936
0.00461907 -0.00901034 0.000573526 0.000180901 0.021936
0.00457435 -0.00896561 0.000573526 0.000180901 0.021936
0.00452697 -0.00891825 0.000573526 0.000180901 0.021936
0.00448468 -0.00887605 0.000573526 0.000180901 0.021936
0.0044409 -0.00883221 0.000573526 0.000180901 0.021936
0.0043921 -0.00878345 0.000573526 0.000180901 0.021936
0.00434891 -0.00874034 0.000573526 0.000180901 0.021936
0.0043082 -0.00869968 0.000573526 0.000180901 0.021936
0.00427153 -0.00866307 0.000573526 0.000180901 0.021936
0.00423425 -0.00862578 0.000573526 0.000180901 0.021936
0.00420102 -0.00859268 0.000573526 0.000180901 0.021936
0.00417866 -0.00857035 0.000573526 0.000180901 0.021936
0.004156 -0.00854764 0.000573526 0.000180901 0.021936
0.00413565 -0.00852729 0.000573525 0.000180901 0.021936
0.00411968 -0.00851127 0.000573525 0.000180901 0.021936
0.00411082 -0.00850241 0.000573525 0.000180901 0.021936
0.00410872 -0.00850022 0.000573525 0.000180901 0.021936
0.00410436 -0.0084958 0.000573525 0.000180901 0.021936
0.00410878 -0.0085003 0.000573526 0.000180901 0.021936
0.00412074 -0.00851227 0.000573526 0.000180901 0.021936
0.00413557 -0.00852714 0.000573526 0.000180901 0.021936
0.0041528 -0.00854439 0.000573526 0.000180901 0.021936
0.00417169 -0.00856336 0.000573526 0.000180901 0.021936
0.00420167 -0.00859348 0.000573526 0.000180901 0.021936
0.00423408 -0.00862587 0.000573526 0.000180901 0.021936
0.00426575 -0.00865762 0.000573526 0.000180901 0.021936
0.00430368 -0.00869561 0.000573526 0.000180901 0.021936
0.00434467 -0.00873666 0.000573526 0.000180901 0.021936
0.00438978 -0.0087818 0.000573526 0.000180901 0.021936
0.00442966 -0.00882164 0.000573526 0.000180901 0.021936
0.00447005 -0.00886212 0.000573526 0.000180901 0.021936
0.0045162 -0.00890829 0.000573526 0.000180901 0.021936
0.00455821 -0.00895028 0.000573526 0.000180901 0.021936
0.00459734 -0.0089894 0.000573526 0.000180901 0.021936
0.00463157 -0.00902359 0.000573526 0.000180901 0.021936
0.00466531 -0.00905738 0.000573526 0.000180901 0.021936
0.0046954 -0.00908737 0.000573526 0.000180901 0.021936
0.00471211 -0.00910401 0.000573526 0.000180901 0.021936
0.00472561 -0.00911752 0.000573526 0.000180901 0.021936
0.00473413 -0.00912599 0.000573526 0.000180901 0.021936
0.00473675 -0.00912859 0.000573526 0.000180901 0.021936
0.00472987 -0.00912159 0.000573526 0.000180901 0.021936
0.0047126 -0.00910431 0.000573526 0.000180901 0.021936
0.00469511 -0.00908682 0.000573525 0.000180901 0.021936
0.00466892 -0.00906051 0.000573525 0.000180901 0.021936
0.00463365 -0.00902519 0.000573525 0.000180901 0.021936
0.00459445 -0.00898591 0.000573525 0.000180901 0.021936
0.00455253 -0.00894394 0.000573525 0.000180901 0.021936
0.00451205 -0.00890335 0.000573525 0.000180901 0.021936
0.00446287 -0.00885398 0.000573525 0.000180901 0.021936
0.00441245 -0.00880352 0.000573525 0.000180901 0.021936
0.00436554 -0.00875653 0.000573525 0.000180901 0.021936
0.00431726 -0.0087082 0.000573525 0.000180901 0.021936
0.00426977 -0.00866068 0.000573526 0.000180901 0.021936
0.00422081 -0.00861175 0.000573526 0.000180901 0.021936
0.00418005 -0.00857111 0.000573526 0.000180901 0.021936
0.00414496 -0.00853603 0.000573526 0.000180901 0.021936
0.0041076 -0.00849871 0.000573526 0.000180901 0.021936
0.00407601 -0.00846721 0.000573526 0.000180901 0.021936
0.00404884 -0.00844012 0.000573526 0.000180901 0.021936
0.00402943 -0.0084208 0.000573526 0.000180901 0.021936
0.00401175 -0.00840312 0.000573526 0.000180901 0.021936
0.00399592 -0.0083874 0.000573526 0.000180901 0.021936
0.00399237 -0.00838398 0.000573526 0.000180901 0.021936
0.00399299 -0.00838463 0.000573526 0.000180901 0.021936
0.00399712 -0.00838883 0.000573526 0.000180901 0.021936
0.0040041 -0.00839584 0.000573526 0.000180901 0.021936
0.00401723 -0.0084091 0.000573526 0.000180901 0.021936
0.00404046 -0.00843239 0.000573526 0.000180901 0.021936
0.00406212 -0.00845405 0.000573526 0.000180901 0.021936
0.00408904 -0.0084811 0.000573526 0.000180901 0.021936
0.00412366 -0.00851578 0.000573526 0.000180901 0.021936
0.00416309 -0.0085553 0.000573526 0.000180901 0.021936
0.00420536 -0.00859757 0.000573526 0.000180901 0.021936
0.00424462 -0.00863687 0.000573526 0.000180901 0.021936
0.00429174 -0.00868412 0.000573526 0.000180901 0.021936
0.00434258 -0.00873496 0.000573526 0.000180901 0.021936
0.00439037 -0.00878276 0.000573526 0.000180901 0.021936
0.0044393 -0.0088317 0.000573526 0.000180901 0.021936
0.0044877 -0.00888012 0.000573525 0.000180901 0.021936
0.00453964 -0.00893203 0.000573525 0.000180901 0.021936
0.00458427 -0.00897648 0.000573525 0.000180901 0.021936
0.00462103 -0.00901315 0.000573525 0.000180901 0.021936
0.00465857 -0.00905057 0.000573525 0.000180901 0.021936
0.00469016 -0.009082 0.000573525 0.000180901 0.021936
0.00471571 -0.0091074 0.000573525 0.000180901 0.021936
0.00473075 -0.00912227 0.000573525 0.000180901 0.021936
0.00474103 -0.00913255 0.000573525 0.000180901 0.021936
0.00474903 -0.00914044 0.000573525 0.000180901 0.021936
0.004743 -0.00913429 0.000573526 0.000180901 0.021936
0.00472953 -0.00912081 0.000573526 0.000180901 0.021936
0.00471063 -0.00910187 0.000573526 0.000180901 0.021936
0.0046886 -0.00907985 0.000573526 0.000180901 0.021936
0.00466116 -0.00905233 0.000573526 0.000180901 0.021936
0.00462323 -0.00901438 0.000573526 0.000180901 0.021936
0.00458735 -0.00897856 0.000573526 0.000180901 0.021936
0.00454947 -0.00894063 0.000573526 0.000180901 0.021936
0.00450673 -0.00889789 0.000573526 0.000180901 0.021936
0.0044616 -0.00885275 0.000573526 0.000180901 0.021936
0.00441591 -0.00880713 0.000573526 0.000180901 0.021936
0.00437776 -0.00876905 0.000573526 0.000180901 0.021936
0.00433719 -0.00872843 0.000573526 0.000180901 0.021936
0.00429597 -0.00868729 0.000573526 0.000180901 0.021936
0.00426119 -0.00865257 0.000573526 0.000180901 0.021936
0.00422932 -0.00862076 0.000573526 0.000180901 0.021936
0.00420184 -0.00859332 0.000573526 0.000180901 0.021936
0.00417253 -0.00856403 0.000573526 0.000180901 0.021936
0.00415045 -0.00854211 0.000573526 0.000180901 0.021936
0.00413803 -0.00852974 0.000573526 0.000180901 0.021936
0.00412603 -0.00851779 0.000573526 0.000180901 0.021936
0.00411869 -0.00851053 0.000573526 0.000180901 0.021936
0.00411508 -0.00850698 0.000573526 0.000180901 0.021936
0.00412008 -0.0085121 0.000573526 0.000180901 0.021936
0.00412916 -0.00852115 0.000573526 0.000180901 0.021936
0.00413681 -0.00852882 0.000573526 0.000180901 0.021936
0.00415428 -0.00854634 0.000573525 0.000180901 0.021936
0.00417729 -0.00856929 0.000573525 0.000180901 0.021936
0.00420466 -0.00859661 0.000573525 0.000180901 0.021936
0.00423272 -0.00862455 0.000573525 0.000180901 0.021936
0.0042627 -0.00865453 0.000573525 0.000180901 0.021936
0.00430225 -0.00869409 0.000573525 0.000180901 0.021936
0.00434064 -0.00873241 0.000573526 0.000180901 0.021936
0.00437941 -0.00877123 0.000573526 0.000180901 0.021936
0.00442213 -0.00881397 0.000573526 0.000180901 0.021936
0.00446802 -0.00885995 0.000573526 0.000180901 0.021936
0.00451712 -0.00890904 0.000573526 0.000180901 0.021936
0.0045587 -0.00895058 0.000573526 0.000180901 0.021936
0.00460134 -0.0089933 0.000573526 0.000180901 0.021936
0.00464547 -0.00903741 0.000573526 0.000180901 0.021936
0.00468429 -0.00907621 0.000573526 0.000180901 0.021936
0.00471872 -0.0091106 0.000573526 0.000180901 0.021936
0.00474634 -0.00913821 0.000573526 0.000180901 0.021936
0.00477465 -0.00916655 0.000573526 0.000180901 0.021936
0.00479616 -0.00918793 0.000573526 0.000180901 0.021936
0.00480459 -0.00919631 0.000573526 0.000180901 0.021936
0.00480869 -0.00920037 0.000573526 0.000180901 0.021936
0.00480585 -0.00919749 0.000573526 0.000180901 0.021936
0.00479809 -0.00918969 0.000573526 0.000180901 0.021936
0.00477892 -0.0091704 0.000573526 0.000180901 0.021936
0.00475233 -0.00914383 0.000573526 0.000180901 0.021936
0.0047266 -0.00911809 0.000573526 0.000180901 0.021936
0.00469212 -0.00908353 0.000573526 0.000180901 0.021936
0.00465091 -0.00904231 0.000573526 0.000180901 0.021936
0.00460484 -0.00899621 0.000573526 0.000180901 0.021936
0.00455892 -0.00895037 0.000573526 0.000180901 0.021936
0.00451465 -0.00890607 0.000573526 0.000180901 0.021936
0.00446253 -0.00885392 0.000573526 0.000180901 0.021936
0.00441341 -0.00880487 0.000573526 0.000180901 0.021936
0.00436784 -0.00875928 0.000573525 0.000180901 0.021936
0.00432313 -0.00871454 0.000573525 0.000180901 0.021936
0.00427815 -0.00866944 0.000573525 0.000180901 0.021936
0.00423182 -0.00862307 0.000573525 0.000180901 0.021936
0.00419546 -0.00858671 0.000573525 0.000180901 0.021936
0.00416218 -0.00855332 0.000573525 0.000180901 0.021936
0.00412864 -0.00851977 0.000573526 0.000180901 0.021936
0.00410128 -0.00849243 0.000573526 0.000180901 0.021936
0.00407894 -0.00847016 0.000573526 0.000180901 0.021936
0.00406477 -0.00845605 0.000573526 0.000180901 0.021936
0.00404922 -0.00844048 0.000573526 0.000180901 0.021936
0.00403775 -0.00842916 0.000573526 0.000180901 0.021936
0.0040374 -0.0084289 0.000573526 0.000180901 0.021936
0.00404052 -0.00843208 0.000573526 0.000180901 0.021936
0.00404827 -0.00843989 0.000573526 0.000180901 0.021936
0.004058 -0.00844967 0.000573526 0.000180901 0.021936
0.00407606 -0.00846787 0.000573526 0.000180901 0.021936
0.00410114 -0.00849296 0.000573526 0.000180901 0.021936
0.00412335 -0.00851521 0.000573526 0.000180901 0.021936
0.00415176 -0.00854371 0.000573526 0.000180901 0.021936
0.00418556 -0.00857757 0.000573526 0.000180901 0.021936
0.00422517 -0.00861727 0.000573526 0.000180901 0.021936
0.00426564 -0.00865771 0.000573526 0.000180901 0.021936
0.004304 -0.00869613 0.000573526 0.000180901 0.021936
0.00435023 -0.00874245 0.000573526 0.000180901 0.021936
0.00439601 -0.0087882 0.000573526 0.000180901 0.021936
0.00443903 -0.00883124 0.000573526 0.000180901 0.021936
0.00448102 -0.00887323 0.000573526 0.000180901 0.021936
0.00452243 -0.0089147 0.000573526 0.000180901 0.021936
0.00456696 -0.00895923 0.000573526 0.000180901 0.021936
0.00460205 -0.00899423 0.000573526 0.000180901 0.021936
0.00463177 -0.00902398 0.000573526 0.000180901 0.021936
0.00465979 -0.00905195 0.000573525 0.000180901 0.021936
0.00468114 -0.00907325 0.000573525 0.000180901 0.021936
0.00469603 -0.00908802 0.000573525 0.000180901 0.021936
0.00469925 -0.00909111 0.000573525 0.000180901 0.021936
0.00470029 -0.00909208 0.000573525 0.000180901 0.021936
0.00469729 -0.00908887 0.000573525 0.000180901 0.021936
0.00468175 -0.00907314 0.000573525 0.000180901 0.021936
0.00465996 -0.00905121 0.000573525 0.000180901 0.021936
0.00463148 -0.00902262 0.000573525 0.000180901 0.021936
0.0046018 -0.0089929 0.000573525 0.000180901 0.021936
0.00456514 -0.00895611 0.000573525 0.000180901 0.021936
0.00452084 -0.00891183 0.000573526 0.000180901 0.021936
0.00448056 -0.00887159 0.000573526 0.000180901 0.021936
0.00443857 -0.00882959 0.000573526 0.000180901 0.021936
0.00439499 -0.00878602 0.000573526 0.000180901 0.021936
0.00434813 -0.00873915 0.000573526 0.000180901 0.021936
0.00430281 -0.00869393 0.000573526 0.000180901 0.021936
0.00426517 -0.00865633 0.000573526 0.000180901 0.021936
0.00422427 -0.00861543 0.000573526 0.000180901 0.021936
0.00418599 -0.00857724 0.000573526 0.000180901 0.021936
0.00415373 -0.00854503 0.000573526 0.000180901 0.021936
0.00412692 -0.00851832 0.000573526 0.000180901 0.021936
0.0041043 -0.00849571 0.000573526 0.000180901 0.021936
0.00407903 -0.00847048 0.000573526 0.000180901 0.021936
0.00406314 -0.00845473 0.000573526 0.000180901 0.021936
0.00405462 -0.00844624 0.000573526 0.000180901 0.021936
0.00404786 -0.00843955 0.000573526 0.000180901 0.021936
0.00404604 -0.00843779 0.000573526 0.000180901 0.021936
0.0040486 -0.00844045 0.000573526 0.000180901 0.021936
0.00406211 -0.00845408 0.000573526 0.000180901 0.021936
0.00407683 -0.00846877 0.000573526 0.000180901 0.021936
0.00409157 -0.00848362 0.000573526 0.000180901 0.021936
0.00411575 -0.00850789 0.000573526 0.000180901 0.021936
0.00414483 -0.00853705 0.000573526 0.000180901 0.021936
0.0041795 -0.00857177 0.000573526 0.000180901 0.021936
0.00421359 -0.00860585 0.000573526 0.000180901 0.021936
0.00425285 -0.00864521 0.000573526 0.000180901 0.021936
0.00430069 -0.00869302 0.000573525 0.000180901 0.021936
0.00434525 -0.00873747 0.000573525 0.000180901 0.021936
0.00439054 -0.00878271 0.000573525 0.000180901 0.021936
0.00443716 -0.00882923 0.000573525 0.000180901 0.021936
0.00448766 -0.0088797 0.000573525 0.000180901 0.021936
0.00453868 -0.00893058 0.000573525 0.000180901 0.021936
0.00458178 -0.00897362 0.000573525 0.000180901 0.021936
0.00462753 -0.0090194 0.000573525 0.000180901 0.021936
0.00467142 -0.00906323 0.000573526 0.000180901 0.021936
0.00470957 -0.00910135 0.000573526 0.000180901 0.021936
0.00474082 -0.00913253 0.000573526 0.000180901 0.021936
0.00476506 -0.00915678 0.000573526 0.000180901 0.021936
0.00479031 -0.00918204 0.000573526 0.000180901 0.021936
0.00480591 -0.00919751 0.000573526 0.000180901 0.021936
0.00481105 -0.00920263 0.000573526 0.000180901 0.021936
0.00481143 -0.00920296 0.000573526 0.000180901 0.021936
0.00480459 -0.0091961 0.000573526 0.000180901 0.021936
0.00479262 -0.00918405 0.000573526 0.000180901 0.021936
0.00476765 -0.00915898 0.000573526 0.000180901 0.021936
0.00473859 -0.00912996 0.000573526 0.000180901 0.021936
0.00470957 -0.0091009 0.000573526 0.000180901 0.021936
0.00467296 -0.00906425 0.000573526 0.000180901 0.021936
0.0046321 -0.00902337 0.000573526 0.000180901 0.021936
0.00458616 -0.00897742 0.000573526 0.000180901 0.021936
0.0045425 -0.00893383 0.000573526 0.000180901 0.021936
0.00449831 -0.00888959 0.000573526 0.000180901 0.021936
0.00444762 -0.00883892 0.000573526 0.000180901 0.021936
0.00440184 -0.00879323 0.000573526 0.000180901 0.021936
0.00435894 -0.00875037 0.000573526 0.000180901 0.021936
0.00431972 -0.00871122 0.000573526 0.000180901 0.021936
0.00427975 -0.00867123 0.000573526 0.000180901 0.021936
0.00424032 -0.00863189 0.000573526 0.000180901 0.021936
0.00421105 -0.0086027 0.000573526 0.000180901 0.021936
0.00418287 -0.00857449 0.000573526 0.000180901 0.021936
0.00415672 -0.00854836 0.000573525 0.000180901 0.021936
0.00413569 -0.0085273 0.000573525 0.000180901 0.021936
0.00412114 -0.00851275 0.000573525 0.000180901 0.021936
0.00411483 -0.00850636 0.000573525 0.000180901 0.021936
0.00410563 -0.00849706 0.000573525 0.000180901 0.021936
0.00410212 -0.0084936 0.000573525 0.000180901 0.021936
0.00410684 -0.00849832 0.000573526 0.000180901 0.021936
0.00411523 -0.00850675 0.000573526 0.000180901 0.021936
0.00412778 -0.00851931 0.000573526 0.000180901 0.021936
0.00414175 -0.00853335 0.000573526 0.000180901 0.021936
0.00416652 -0.00855826 0.000573526 0.000180901 0.021936
0.00419608 -0.00858782 0.000573526 0.000180901 0.021936
0.00422343 -0.00861522 0.000573526 0.000180901 0.021936
0.00425609 -0.00864796 0.000573526 0.000180901 0.021936
0.00429232 -0.00868425 0.000573526 0.000180901 0.021936
0.00433485 -0.00872685 0.000573526 0.000180901 0.021936
0.00437515 -0.00876711 0.000573526 0.000180901 0.021936
0.00441497 -0.00880702 0.000573526 0.000180901 0.021936
0.00446212 -0.00885422 0.000573526 0.000180901 0.021936
0.00450669 -0.00889876 0.000573526 0.000180901 0.021936
0.00454809 -0.00894015 0.000573526 0.000180901 0.021936
0.00458486 -0.00897689 0.000573526 0.000180901 0.021936
0.00462131 -0.0090134 0.000573526 0.000180901 0.021936
0.00465815 -0.00905019 0.000573526 0.000180901 0.021936
0.00468335 -0.0090753 0.000573526 0.000180901 0.021936
0.00470461 -0.00909659 0.000573526 0.000180901 0.021936
0.00472195 -0.00911388 0.000573526 0.000180901 0.021936
0.0047329 -0.0091248 0.000573526 0.000180901 0.021936
0.00473466 -0.00912644 0.000573526 0.000180901 0.021936
0.0047241 -0.00911585 0.000573526 0.000180901 0.021936
0.00471303 -0.0091048 0.000573526 0.000180901 0.021936
0.00469569 -0.00908737 0.000573525 0.000180901 0.021936
0.0046683 -0.00905992 0.000573525 0.000180901 0.021936
0.00463583 -0.00902738 0.000573525 0.000180901 0.021936
0.00459839 -0.00898989 0.000573525 0.000180901 0.021936
0.00456115 -0.00895256 0.000573525 0.000180901 0.021936
0.00451468 -0.00890588 0.000573525 0.000180901 0.021936
0.00446377 -0.00885491 0.000573525 0.000180901 0.021936
0.00441688 -0.00880794 0.000573525 0.000180901 0.021936
0.0043689 -0.00875988 0.000573525 0.000180901 0.021936
0.00432145 -0.00871238 0.000573525 0.000180901 0.021936
0.00427111 -0.00866201 0.000573526 0.000180901 0.021936
0.0042259 -0.0086169 0.000573526 0.000180901 0.021936
0.0041867 -0.00857771 0.000573526 0.000180901 0.021936
0.00414428 -0.00853531 0.000573526 0.000180901 0.021936
0.00410666 -0.00849778 0.000573526 0.000180901 0.021936
0.00407428 -0.00846548 0.000573526 0.000180901 0.021936
0.00404988 -0.00844119 0.000573526 0.000180901 0.021936
0.00402885 -0.00842016 0.000573526 0.000180901 0.021936
0.00400733 -0.00839873 0.000573526 0.000180901 0.021936
0.00399655 -0.00838807 0.000573526 0.000180901 0.021936
0.00399046 -0.00838201 0.000573526 0.000180901 0.021936
0.00398764 -0.00837926 0.000573526 0.000180901 0.021936
0.0039887 -0.00838037 0.000573526 0.000180901 0.021936
0.00399549 -0.00838729 0.000573526 0.000180901 0.021936
0.00401398 -0.00840587 0.000573526 0.000180901 0.021936
0.00403231 -0.00842418 0.000573526 0.000180901 0.021936
0.00405357 -0.00844555 0.000573526 0.000180901 0.021936
0.00408223 -0.00847427 0.000573526 0.000180901 0.021936
0.00411547 -0.0085076 0.000573526 0.000180901 0.021936
0.00415371 -0.00854587 0.000573526 0.000180901 0.021936
0.00418996 -0.00858216 0.000573526 0.000180901 0.021936
0.00423382 -0.00862616 0.000573526 0.000180901 0.021936
0.00428425 -0.00867661 0.000573526 0.000180901 0.021936
0.0043322 -0.00872458 0.000573526 0.000180901 0.021936
0.00438092 -0.00877331 0.000573526 0.000180901 0.021936
0.00442866 -0.00882107 0.000573526 0.000180901 0.021936
0.00448084 -0.00887328 0.000573525 0.000180901 0.021936
0.00452985 -0.00892216 0.000573525 0.000180901 0.021936
0.00457132 -0.00896356 0.000573525 0.000180901 0.021936
0.00461484 -0.009007 0.000573525 0.000180901 0.021936
0.00465421 -0.00904621 0.000573525 0.000180901 0.021936
0.00468812 -0.00907995 0.000573525 0.000180901 0.021936
0.00471136 -0.00910299 0.000573525 0.000180901 0.021936
0.00472755 -0.00911914 0.000573525 0.000180901 0.021936
0.00474313 -0.00913464 0.000573525 0.000180901 0.021936
0.00474675 -0.00913812 0.000573525 0.000180901 0.021936
0.00474202 -0.00913337 0.000573526 0.000180901 0.021936
0.00473172 -0.00912302 0.000573526 0.000180901 0.021936
0.00471688 -0.00910819 0.000573526 0.000180901 0.021936
0.0046968 -0.00908801 0.000573526 0.000180901 0.021936
0.00466342 -0.00905457 0.000573526 0.000180901 0.021936
0.00462914 -0.00902035 0.000573526 0.000180901 0.021936
0.00459399 -0.00898517 0.000573526 0.000180901 0.021936
0.00455394 -0.00894511 0.000573526 0.000180901 0.021936
0.00451113 -0.00890228 0.000573526 0.000180901 0.021936
0.00446559 -0.00885678 0.000573526 0.000180901 0.021936
0.0044262 -0.00881747 0.000573526 0.000180901 0.021936
0.00438468 -0.00877588 0.000573526 0.000180901 0.021936
0.00433921 -0.00873046 0.000573526 0.000180901 0.021936
0.00429943 -0.00869075 0.000573526 0.000180901 0.021936
0.00426305 -0.00865444 0.000573526 0.000180901 0.021936
0.00423227 -0.00862371 0.000573526 0.000180901 0.021936
0.00419999 -0.00859142 0.000573526 0.000180901 0.021936
0.00417228 -0.00856385 0.000573526 0.000180901 0.021936
0.00415456 -0.00854621 0.000573526 0.000180901 0.021936
0.00413679 -0.00852845 0.000573526 0.000180901 0.021936
0.00412233 -0.00851408 0.000573526 0.000180901 0.021936
0.00411181 -0.00850362 0.000573526 0.000180901 0.021936
0.00411012 -0.00850207 0.000573526 0.000180901 0.021936
0.0041154 -0.00850735 0.000573526 0.000180901 0.021936
0.00411861 -0.00851058 0.000573526 0.000180901 0.021936
0.0041302 -0.00852225 0.000573526 0.000180901 0.021936
0.00414766 -0.00853967 0.000573525 0.000180901 0.021936
0.00416892 -0.00856089 0.000573525 0.000180901 0.021936
0.00419187 -0.00858373 0.000573525 0.000180901 0.021936
0.00421619 -0.00860803 0.000573525 0.000180901 0.021936
0.00425154 -0.0086434 0.000573525 0.000180901 0.021936
0.00428848 -0.00868026 0.000573525 0.000180901 0.021936
0.00432501 -0.00871681 0.000573526 0.000180901 0.021936
